   0.0000000e+00   0.0000000e+00   0.0000000e+00   0.0000000e+00
   1.0000000e-01   0.0000000e+00   0.0000000e+00   0.0000000e+00
   2.0000000e-01   0.0000000e+00   5.8050207e-03  -1.1610041e-02
   3.0000000e-01   0.0000000e+00   7.0135437e-04  -1.4027087e-03
   4.0000000e-01   0.0000000e+00   1.3598920e-03  -2.7197839e-03
   5.0000000e-01   0.0000000e+00   2.0184296e-03  -4.0368591e-03
   6.0000000e-01   0.0000000e+00   1.3598920e-03  -2.7197839e-03
   7.0000000e-01   0.0000000e+00   1.6891608e-03  -3.3783215e-03
   8.0000000e-01   0.0000000e+00   1.0306232e-03  -2.0612463e-03
   9.0000000e-01   0.0000000e+00  -1.2181762e-04   2.4363523e-04
   1.0000000e+00   0.0000000e+00   1.1952576e-03  -2.3905151e-03
   1.1000000e+00   0.0000000e+00   3.7208558e-04  -7.4417116e-04
   1.2000000e+00   0.0000000e+00   1.3598920e-03  -2.7197839e-03
   1.3000000e+00   0.0000000e+00   1.1952576e-03  -2.3905151e-03
   1.4000000e+00   0.0000000e+00   1.0306232e-03  -2.0612463e-03
   1.5000000e+00   0.0000000e+00   8.6598877e-04  -1.7319775e-03
   1.6000000e+00   0.0000000e+00   1.6891608e-03  -3.3783215e-03
   1.7000000e+00   0.0000000e+00   5.3671998e-04  -1.0734400e-03
   1.8000000e+00   0.0000000e+00  -4.5108641e-04   9.0217282e-04
   1.9000000e+00   0.0000000e+00   7.0135437e-04  -1.4027087e-03
   2.0000000e+00   0.0000000e+00   8.6598877e-04  -1.7319775e-03
   2.1000000e+00   0.0000000e+00   1.8537952e-03  -3.7075903e-03
   2.2000000e+00   0.0000000e+00   7.0135437e-04  -1.4027087e-03
   2.3000000e+00   0.0000000e+00  -2.5913336e-03   5.1826672e-03
   2.4000000e+00   0.0000000e+00   1.0306232e-03  -2.0612463e-03
   2.5000000e+00   0.0000000e+00   4.4879455e-03  -8.9758911e-03
   2.6000000e+00   0.0000000e+00   2.0184296e-03  -4.0368591e-03
   2.7000000e+00   0.0000000e+00   4.2816782e-05  -8.5633563e-05
   2.8000000e+00   0.0000000e+00   6.1342895e-03  -1.2268579e-02
   2.9000000e+00   0.0000000e+00   2.3476984e-03  -4.6953967e-03
   3.0000000e+00   0.0000000e+00   2.1830640e-03  -4.3661279e-03
   3.1000000e+00   0.0000000e+00   1.3598920e-03  -2.7197839e-03
   3.2000000e+00   0.0000000e+00   1.6891608e-03  -3.3783215e-03
   3.3000000e+00   0.0000000e+00   4.2816782e-05  -8.5633563e-05
   3.4000000e+00   0.0000000e+00   1.3598920e-03  -2.7197839e-03
   3.5000000e+00   0.0000000e+00   3.7208558e-04  -7.4417116e-04
   3.6000000e+00   0.0000000e+00   5.3671998e-04  -1.0734400e-03
   3.7000000e+00   0.0000000e+00   1.8537952e-03  -3.7075903e-03
   3.8000000e+00   0.0000000e+00   4.2816782e-05  -8.5633563e-05
   3.9000000e+00   0.0000000e+00  -2.8645201e-04   5.7290403e-04
   4.0000000e+00   0.0000000e+00   2.8416016e-03  -5.6832031e-03
   4.1000000e+00   0.0000000e+00   1.8537952e-03  -3.7075903e-03
   4.2000000e+00   0.0000000e+00   2.0184296e-03  -4.0368591e-03
   4.3000000e+00   0.0000000e+00   1.3598920e-03  -2.7197839e-03
   4.4000000e+00   0.0000000e+00   1.0306232e-03  -2.0612463e-03
   4.5000000e+00   0.0000000e+00   5.3671998e-04  -1.0734400e-03
   4.6000000e+00   0.0000000e+00   1.5245264e-03  -3.0490527e-03
   4.7000000e+00   0.0000000e+00   1.5245264e-03  -3.0490527e-03
   4.8000000e+00   0.0000000e+00  -6.1572081e-04   1.2314416e-03
   4.9000000e+00   0.0000000e+00   1.8537952e-03  -3.7075903e-03
   5.0000000e+00   1.5000000e+00   7.5317087e-01  -6.3417407e-03
   5.1000000e+00   1.5000000e+00   6.9752444e-01   1.0495111e-01
   5.2000000e+00   1.5000000e+00   5.5956083e-01   3.8087833e-01
   5.3000000e+00   1.5000000e+00   4.0085332e-01   6.9829337e-01
   5.4000000e+00   1.5000000e+00   2.6996903e-01   9.6006194e-01
   5.5000000e+00   1.5000000e+00   1.7662139e-01   1.1467572e+00
   5.6000000e+00   1.5000000e+00   1.2509086e-01   1.2498183e+00
   5.7000000e+00   1.5000000e+00   1.1768232e-01   1.2646354e+00
   5.8000000e+00   1.5000000e+00   1.1883476e-01   1.2623305e+00
   5.9000000e+00   1.5000000e+00   1.1554208e-01   1.2689158e+00
   6.0000000e+00   1.5000000e+00   1.1784695e-01   1.2643061e+00
   6.1000000e+00   1.5000000e+00   1.2179818e-01   1.2564036e+00
   6.2000000e+00   1.5000000e+00   1.1817622e-01   1.2636476e+00
   6.3000000e+00   1.5000000e+00   1.1850549e-01   1.2629890e+00
   6.4000000e+00   1.5000000e+00   1.1817622e-01   1.2636476e+00
   6.5000000e+00   1.5000000e+00   1.1702378e-01   1.2659524e+00
   6.6000000e+00   1.5000000e+00   1.1735305e-01   1.2652939e+00
   6.7000000e+00   1.5000000e+00   1.1735305e-01   1.2652939e+00
   6.8000000e+00   1.5000000e+00   1.1620061e-01   1.2675988e+00
   6.9000000e+00   1.5000000e+00   1.1817622e-01   1.2636476e+00
   7.0000000e+00   1.5000000e+00   1.2015183e-01   1.2596963e+00
   7.1000000e+00   1.5000000e+00   1.1784695e-01   1.2643061e+00
   7.2000000e+00   1.5000000e+00   1.1652988e-01   1.2669402e+00
   7.3000000e+00   1.5000000e+00   1.1834086e-01   1.2633183e+00
   7.4000000e+00   1.5000000e+00   1.1801159e-01   1.2639768e+00
   7.5000000e+00   1.5000000e+00   1.1801159e-01   1.2639768e+00
   7.6000000e+00   1.5000000e+00   1.1883476e-01   1.2623305e+00
   7.7000000e+00   1.5000000e+00   1.1834086e-01   1.2633183e+00
   7.8000000e+00   1.5000000e+00   1.1718842e-01   1.2656232e+00
   7.9000000e+00   1.5000000e+00   1.1801159e-01   1.2639768e+00
   8.0000000e+00   1.5000000e+00   1.1834086e-01   1.2633183e+00
   8.1000000e+00   1.5000000e+00   1.1768232e-01   1.2646354e+00
   8.2000000e+00   1.5000000e+00   1.1620061e-01   1.2675988e+00
   8.3000000e+00   1.5000000e+00   1.1718842e-01   1.2656232e+00
   8.4000000e+00   1.5000000e+00   1.1768232e-01   1.2646354e+00
   8.5000000e+00   1.5000000e+00   1.1718842e-01   1.2656232e+00
   8.6000000e+00   1.5000000e+00   1.1932866e-01   1.2613427e+00
   8.7000000e+00   1.5000000e+00   1.1768232e-01   1.2646354e+00
   8.8000000e+00   1.5000000e+00   1.1718842e-01   1.2656232e+00
   8.9000000e+00   1.5000000e+00   1.1883476e-01   1.2623305e+00
   9.0000000e+00   1.5000000e+00   1.1735305e-01   1.2652939e+00
   9.1000000e+00   1.5000000e+00   1.1751769e-01   1.2649646e+00
   9.2000000e+00   1.5000000e+00   1.1801159e-01   1.2639768e+00
   9.3000000e+00   1.5000000e+00   1.1718842e-01   1.2656232e+00
   9.4000000e+00   1.5000000e+00   1.1702378e-01   1.2659524e+00
   9.5000000e+00   1.5000000e+00   1.1867013e-01   1.2626597e+00
   9.6000000e+00   1.5000000e+00   1.1751769e-01   1.2649646e+00
   9.7000000e+00   1.5000000e+00   1.1867013e-01   1.2626597e+00
   9.8000000e+00   1.5000000e+00   1.1834086e-01   1.2633183e+00
   9.9000000e+00   1.5000000e+00   1.1834086e-01   1.2633183e+00
   1.0000000e+01   0.0000000e+00  -6.3264695e-01   1.2652939e+00
   1.0100000e+01   0.0000000e+00  -5.8786643e-01   1.1757329e+00
   1.0200000e+01   0.0000000e+00  -4.6471998e-01   9.2943996e-01
   1.0300000e+01   0.0000000e+00  -3.2329909e-01   6.4659818e-01
   1.0400000e+01   0.0000000e+00  -1.7545744e-01   3.5091488e-01
   1.0500000e+01   0.0000000e+00  -7.4865832e-02   1.4973166e-01
   1.0600000e+01   0.0000000e+00  -3.2225525e-02   6.4451050e-02
   1.0700000e+01   0.0000000e+00  -3.3542600e-02   6.7085200e-02
   1.0800000e+01   0.0000000e+00  -3.3213331e-02   6.6426662e-02
   1.0900000e+01   0.0000000e+00  -3.3542600e-02   6.7085200e-02
   1.1000000e+01   0.0000000e+00  -3.3542600e-02   6.7085200e-02
   1.1100000e+01   0.0000000e+00  -3.3707234e-02   6.7414469e-02
   1.1200000e+01   0.0000000e+00  -3.2060890e-02   6.4121781e-02
   1.1300000e+01   0.0000000e+00  -3.3707234e-02   6.7414469e-02
   1.1400000e+01   0.0000000e+00  -3.4036503e-02   6.8073006e-02
   1.1500000e+01   0.0000000e+00  -3.0414547e-02   6.0829093e-02
   1.1600000e+01   0.0000000e+00  -3.2884062e-02   6.5768125e-02
   1.1700000e+01   0.0000000e+00  -2.9097471e-02   5.8194943e-02
   1.1800000e+01   0.0000000e+00  -3.3707234e-02   6.7414469e-02
   1.1900000e+01   0.0000000e+00  -3.4201138e-02   6.8402275e-02
   1.2000000e+01   0.0000000e+00  -3.2554794e-02   6.5109587e-02
   1.2100000e+01   0.0000000e+00  -3.1731622e-02   6.3463243e-02
   1.2200000e+01   0.0000000e+00  -3.3542600e-02   6.7085200e-02
   1.2300000e+01   0.0000000e+00  -3.4365772e-02   6.8731544e-02
   1.2400000e+01   0.0000000e+00  -3.5024310e-02   7.0048619e-02
   1.2500000e+01   0.0000000e+00  -3.3377966e-02   6.6755931e-02
   1.2600000e+01   0.0000000e+00  -3.2390159e-02   6.4780319e-02
   1.2700000e+01   0.0000000e+00  -3.3213331e-02   6.6426662e-02
   1.2800000e+01   0.0000000e+00  -3.0579181e-02   6.1158362e-02
   1.2900000e+01   0.0000000e+00  -3.2554794e-02   6.5109587e-02
   1.3000000e+01   0.0000000e+00  -3.6670653e-02   7.3341307e-02
   1.3100000e+01   0.0000000e+00  -3.5682847e-02   7.1365694e-02
   1.3200000e+01   0.0000000e+00  -3.3377966e-02   6.6755931e-02
   1.3300000e+01   0.0000000e+00  -3.1073084e-02   6.2146168e-02
   1.3400000e+01   0.0000000e+00  -3.2719428e-02   6.5438856e-02
   1.3500000e+01   0.0000000e+00  -3.2390159e-02   6.4780319e-02
   1.3600000e+01   0.0000000e+00  -3.4201138e-02   6.8402275e-02
   1.3700000e+01   0.0000000e+00  -3.1896256e-02   6.3792512e-02
   1.3800000e+01   0.0000000e+00  -3.6341385e-02   7.2682769e-02
   1.3900000e+01   0.0000000e+00  -3.2884062e-02   6.5768125e-02
   1.4000000e+01   0.0000000e+00  -3.3048697e-02   6.6097394e-02
   1.4100000e+01   0.0000000e+00  -3.3871869e-02   6.7743738e-02
   1.4200000e+01   0.0000000e+00  -2.9426740e-02   5.8853480e-02
   1.4300000e+01   0.0000000e+00  -3.1402353e-02   6.2804706e-02
   1.4400000e+01   0.0000000e+00  -3.2554794e-02   6.5109587e-02
   1.4500000e+01   0.0000000e+00  -3.4695041e-02   6.9390082e-02
   1.4600000e+01   0.0000000e+00  -3.3377966e-02   6.6755931e-02
   1.4700000e+01   0.0000000e+00  -3.2884062e-02   6.5768125e-02
   1.4800000e+01   0.0000000e+00  -3.2390159e-02   6.4780319e-02
   1.4900000e+01   0.0000000e+00  -3.1566987e-02   6.3133975e-02
   1.5000000e+01   1.5000000e+00   7.1728057e-01   6.5438856e-02
   1.5100000e+01   1.5000000e+00   6.6607928e-01   1.6784145e-01
   1.5200000e+01   1.5000000e+00   5.1033516e-01   4.7932968e-01
   1.5300000e+01   1.5000000e+00   3.8290817e-01   7.3418365e-01
   1.5400000e+01   1.5000000e+00   2.5185926e-01   9.9628148e-01
   1.5500000e+01   1.5000000e+00   1.5670064e-01   1.1865987e+00
   1.5600000e+01   1.5000000e+00   1.0977988e-01   1.2804402e+00
   1.5700000e+01   1.5000000e+00   1.0187743e-01   1.2962451e+00
   1.5800000e+01   1.5000000e+00   1.0401768e-01   1.2919646e+00
   1.5900000e+01   1.5000000e+00   1.0352377e-01   1.2929525e+00
   1.6000000e+01   1.5000000e+00   1.0368841e-01   1.2926232e+00
   1.6100000e+01   1.5000000e+00   1.0352377e-01   1.2929525e+00
   1.6200000e+01   1.5000000e+00   1.0335914e-01   1.2932817e+00
   1.6300000e+01   1.5000000e+00   1.0451158e-01   1.2909768e+00
   1.6400000e+01   1.5000000e+00   1.0517012e-01   1.2896598e+00
   1.6500000e+01   1.5000000e+00   1.0401768e-01   1.2919646e+00
   1.6600000e+01   1.5000000e+00   1.0484085e-01   1.2903183e+00
   1.6700000e+01   1.5000000e+00   1.0615792e-01   1.2876842e+00
   1.6800000e+01   1.5000000e+00   1.0451158e-01   1.2909768e+00
   1.6900000e+01   1.5000000e+00   1.0385304e-01   1.2922939e+00
   1.7000000e+01   1.5000000e+00   1.0204207e-01   1.2959159e+00
   1.7100000e+01   1.5000000e+00   1.0467621e-01   1.2906476e+00
   1.7200000e+01   1.5000000e+00   1.0418231e-01   1.2916354e+00
   1.7300000e+01   1.5000000e+00   1.0352377e-01   1.2929525e+00
   1.7400000e+01   1.5000000e+00   1.0500548e-01   1.2899890e+00
   1.7500000e+01   1.5000000e+00   1.0286524e-01   1.2942695e+00
   1.7600000e+01   1.5000000e+00   1.0302987e-01   1.2939403e+00
   1.7700000e+01   1.5000000e+00   1.0302987e-01   1.2939403e+00
   1.7800000e+01   1.5000000e+00   1.0418231e-01   1.2916354e+00
   1.7900000e+01   1.5000000e+00   1.0401768e-01   1.2919646e+00
   1.8000000e+01   1.5000000e+00   1.0632256e-01   1.2873549e+00
   1.8100000e+01   1.5000000e+00   1.0434695e-01   1.2913061e+00
   1.8200000e+01   1.5000000e+00   1.0582865e-01   1.2883427e+00
   1.8300000e+01   1.5000000e+00   1.0484085e-01   1.2903183e+00
   1.8400000e+01   1.5000000e+00   1.0484085e-01   1.2903183e+00
   1.8500000e+01   1.5000000e+00   1.0517012e-01   1.2896598e+00
   1.8600000e+01   1.5000000e+00   1.0517012e-01   1.2896598e+00
   1.8700000e+01   1.5000000e+00   1.0533475e-01   1.2893305e+00
   1.8800000e+01   1.5000000e+00   1.0237133e-01   1.2952573e+00
   1.8900000e+01   1.5000000e+00   1.0352377e-01   1.2929525e+00
   1.9000000e+01   1.5000000e+00   1.0484085e-01   1.2903183e+00
   1.9100000e+01   1.5000000e+00   1.0352377e-01   1.2929525e+00
   1.9200000e+01   1.5000000e+00   1.0302987e-01   1.2939403e+00
   1.9300000e+01   1.5000000e+00   1.0335914e-01   1.2932817e+00
   1.9400000e+01   1.5000000e+00   1.0302987e-01   1.2939403e+00
   1.9500000e+01   1.5000000e+00   1.0237133e-01   1.2952573e+00
   1.9600000e+01   1.5000000e+00   1.0286524e-01   1.2942695e+00
   1.9700000e+01   1.5000000e+00   1.0385304e-01   1.2922939e+00
   1.9800000e+01   1.5000000e+00   1.0335914e-01   1.2932817e+00
   1.9900000e+01   1.5000000e+00   1.0335914e-01   1.2932817e+00
   2.0000000e+01   0.0000000e+00  -6.4631159e-01   1.2926232e+00
   2.0100000e+01   0.0000000e+00  -5.9873229e-01   1.1974646e+00
   2.0200000e+01   0.0000000e+00  -4.7690292e-01   9.5380583e-01
   2.0300000e+01   0.0000000e+00  -3.5095766e-01   7.0191532e-01
   2.0400000e+01   0.0000000e+00  -2.0295138e-01   4.0590276e-01
   2.0500000e+01   0.0000000e+00  -9.1658540e-02   1.8331708e-01
   2.0600000e+01   0.0000000e+00  -4.2597492e-02   8.5194983e-02
   2.0700000e+01   0.0000000e+00  -3.9963341e-02   7.9926683e-02
   2.0800000e+01   0.0000000e+00  -4.0621879e-02   8.1243758e-02
   2.0900000e+01   0.0000000e+00  -4.1115782e-02   8.2231564e-02
   2.1000000e+01   0.0000000e+00  -4.1774320e-02   8.3548639e-02
   2.1100000e+01   0.0000000e+00  -4.2268223e-02   8.4536446e-02
   2.1200000e+01   0.0000000e+00  -4.1280417e-02   8.2560833e-02
   2.1300000e+01   0.0000000e+00  -4.0127976e-02   8.0255952e-02
   2.1400000e+01   0.0000000e+00  -4.1445051e-02   8.2890102e-02
   2.1500000e+01   0.0000000e+00  -4.0621879e-02   8.1243758e-02
   2.1600000e+01   0.0000000e+00  -4.0951148e-02   8.1902295e-02
   2.1700000e+01   0.0000000e+00  -4.0127976e-02   8.0255952e-02
   2.1800000e+01   0.0000000e+00  -4.0457245e-02   8.0914489e-02
   2.1900000e+01   0.0000000e+00  -4.1774320e-02   8.3548639e-02
   2.2000000e+01   0.0000000e+00  -4.0292610e-02   8.0585220e-02
   2.2100000e+01   0.0000000e+00  -4.2597492e-02   8.5194983e-02
   2.2200000e+01   0.0000000e+00  -4.1280417e-02   8.2560833e-02
   2.2300000e+01   0.0000000e+00  -4.1774320e-02   8.3548639e-02
   2.2400000e+01   0.0000000e+00  -3.9304804e-02   7.8609608e-02
   2.2500000e+01   0.0000000e+00  -4.1609685e-02   8.3219371e-02
   2.2600000e+01   0.0000000e+00  -4.1609685e-02   8.3219371e-02
   2.2700000e+01   0.0000000e+00  -4.1445051e-02   8.2890102e-02
   2.2800000e+01   0.0000000e+00  -4.0457245e-02   8.0914489e-02
   2.2900000e+01   0.0000000e+00  -4.1609685e-02   8.3219371e-02
   2.3000000e+01   0.0000000e+00  -4.1609685e-02   8.3219371e-02
   2.3100000e+01   0.0000000e+00  -4.2103588e-02   8.4207177e-02
   2.3200000e+01   0.0000000e+00  -4.0621879e-02   8.1243758e-02
   2.3300000e+01   0.0000000e+00  -4.2268223e-02   8.4536446e-02
   2.3400000e+01   0.0000000e+00  -4.2597492e-02   8.5194983e-02
   2.3500000e+01   0.0000000e+00  -4.2762126e-02   8.5524252e-02
   2.3600000e+01   0.0000000e+00  -4.1445051e-02   8.2890102e-02
   2.3700000e+01   0.0000000e+00  -4.0951148e-02   8.1902295e-02
   2.3800000e+01   0.0000000e+00  -3.9304804e-02   7.8609608e-02
   2.3900000e+01   0.0000000e+00  -4.1774320e-02   8.3548639e-02
   2.4000000e+01   0.0000000e+00  -4.1445051e-02   8.2890102e-02
   2.4100000e+01   0.0000000e+00  -4.1115782e-02   8.2231564e-02
   2.4200000e+01   0.0000000e+00  -3.9304804e-02   7.8609608e-02
   2.4300000e+01   0.0000000e+00  -4.0786513e-02   8.1573027e-02
   2.4400000e+01   0.0000000e+00  -4.1115782e-02   8.2231564e-02
   2.4500000e+01   0.0000000e+00  -4.2268223e-02   8.4536446e-02
   2.4600000e+01   0.0000000e+00  -4.2432857e-02   8.4865715e-02
   2.4700000e+01   0.0000000e+00  -3.9634073e-02   7.9268145e-02
   2.4800000e+01   0.0000000e+00  -4.2432857e-02   8.4865715e-02
   2.4900000e+01   0.0000000e+00  -3.9304804e-02   7.8609608e-02
   2.5000000e+01   1.5000000e+00   7.0806105e-01   8.3877908e-02
   2.5100000e+01   1.5000000e+00   6.5900000e-01   1.8200000e-01
   2.5200000e+01   1.5000000e+00   5.1461565e-01   4.7076870e-01
   2.5300000e+01   1.5000000e+00   3.9048135e-01   7.1903729e-01
   2.5400000e+01   1.5000000e+00   2.6239585e-01   9.7520829e-01
   2.5500000e+01   1.5000000e+00   1.6180430e-01   1.1763914e+00
   2.5600000e+01   1.5000000e+00   1.0763963e-01   1.2847207e+00
   2.5700000e+01   1.5000000e+00   9.8914015e-02   1.3021720e+00
   2.5800000e+01   1.5000000e+00   9.8090844e-02   1.3038183e+00
   2.5900000e+01   1.5000000e+00   9.8749381e-02   1.3025012e+00
   2.6000000e+01   1.5000000e+00   1.0056036e-01   1.2988793e+00
   2.6100000e+01   1.5000000e+00   9.9243284e-02   1.3015134e+00
   2.6200000e+01   1.5000000e+00   9.9737187e-02   1.3005256e+00
   2.6300000e+01   1.5000000e+00   9.2987182e-02   1.3140256e+00
   2.6400000e+01   1.5000000e+00   9.9737187e-02   1.3005256e+00
   2.6500000e+01   1.5000000e+00   9.7432307e-02   1.3051354e+00
   2.6600000e+01   1.5000000e+00   9.7596941e-02   1.3048061e+00
   2.6700000e+01   1.5000000e+00   1.0138353e-01   1.2972329e+00
   2.6800000e+01   1.5000000e+00   9.6115233e-02   1.3077695e+00
   2.6900000e+01   1.5000000e+00   9.8255478e-02   1.3034890e+00
   2.7000000e+01   1.5000000e+00   9.7267673e-02   1.3054647e+00
   2.7100000e+01   1.5000000e+00   9.9572552e-02   1.3008549e+00
   2.7200000e+01   1.5000000e+00   9.5950599e-02   1.3080988e+00
   2.7300000e+01   1.5000000e+00   9.5621330e-02   1.3087573e+00
   2.7400000e+01   1.5000000e+00   9.6609136e-02   1.3067817e+00
   2.7500000e+01   1.5000000e+00   9.8255478e-02   1.3034890e+00
   2.7600000e+01   1.5000000e+00   1.0039572e-01   1.2992086e+00
   2.7700000e+01   1.5000000e+00   9.8749381e-02   1.3025012e+00
   2.7800000e+01   1.5000000e+00   9.7432307e-02   1.3051354e+00
   2.7900000e+01   1.5000000e+00   9.9901821e-02   1.3001964e+00
   2.8000000e+01   1.5000000e+00   9.8584747e-02   1.3028305e+00
   2.8100000e+01   1.5000000e+00   9.9901821e-02   1.3001964e+00
   2.8200000e+01   1.5000000e+00   9.8420113e-02   1.3031598e+00
   2.8300000e+01   1.5000000e+00   9.9407918e-02   1.3011842e+00
   2.8400000e+01   1.5000000e+00   9.9243284e-02   1.3015134e+00
   2.8500000e+01   1.5000000e+00   9.8255478e-02   1.3034890e+00
   2.8600000e+01   1.5000000e+00   9.8255478e-02   1.3034890e+00
   2.8700000e+01   1.5000000e+00   9.6938404e-02   1.3061232e+00
   2.8800000e+01   1.5000000e+00   9.8584747e-02   1.3028305e+00
   2.8900000e+01   1.5000000e+00   9.8420113e-02   1.3031598e+00
   2.9000000e+01   1.5000000e+00   1.0187743e-01   1.2962451e+00
   2.9100000e+01   1.5000000e+00   9.8584747e-02   1.3028305e+00
   2.9200000e+01   1.5000000e+00   9.9407918e-02   1.3011842e+00
   2.9300000e+01   1.5000000e+00   9.8914015e-02   1.3021720e+00
   2.9400000e+01   1.5000000e+00   9.9243284e-02   1.3015134e+00
   2.9500000e+01   1.5000000e+00   9.5950599e-02   1.3080988e+00
   2.9600000e+01   1.5000000e+00   1.0154816e-01   1.2969037e+00
   2.9700000e+01   1.5000000e+00   9.8420113e-02   1.3031598e+00
   2.9800000e+01   1.5000000e+00   9.8584747e-02   1.3028305e+00
   2.9900000e+01   1.5000000e+00   9.8255478e-02   1.3034890e+00
   3.0000000e+01   0.0000000e+00  -6.5174452e-01   1.3034890e+00
   3.0100000e+01   0.0000000e+00  -6.0317742e-01   1.2063548e+00
   3.0200000e+01   0.0000000e+00  -4.7986633e-01   9.5973267e-01
   3.0300000e+01   0.0000000e+00  -3.5013449e-01   7.0026898e-01
   3.0400000e+01   0.0000000e+00  -2.1233554e-01   4.2467107e-01
   3.0500000e+01   0.0000000e+00  -1.0548783e-01   2.1097566e-01
   3.0600000e+01   0.0000000e+00  -4.8524330e-02   9.7048660e-02
   3.0700000e+01   0.0000000e+00  -4.2268223e-02   8.4536446e-02
   3.0800000e+01   0.0000000e+00  -4.3256029e-02   8.6512058e-02
   3.0900000e+01   0.0000000e+00  -4.3585298e-02   8.7170596e-02
   3.1000000e+01   0.0000000e+00  -4.2926760e-02   8.5853521e-02
   3.1100000e+01   0.0000000e+00  -4.3749932e-02   8.7499865e-02
   3.1200000e+01   0.0000000e+00  -4.4079201e-02   8.8158402e-02
   3.1300000e+01   0.0000000e+00  -4.4079201e-02   8.8158402e-02
   3.1400000e+01   0.0000000e+00  -4.4079201e-02   8.8158402e-02
   3.1500000e+01   0.0000000e+00  -4.5396276e-02   9.0792553e-02
   3.1600000e+01   0.0000000e+00  -4.1609685e-02   8.3219371e-02
   3.1700000e+01   0.0000000e+00  -4.4243836e-02   8.8487671e-02
   3.1800000e+01   0.0000000e+00  -4.3585298e-02   8.7170596e-02
   3.1900000e+01   0.0000000e+00  -4.2432857e-02   8.4865715e-02
   3.2000000e+01   0.0000000e+00  -4.4737739e-02   8.9475478e-02
   3.2100000e+01   0.0000000e+00  -4.4079201e-02   8.8158402e-02
   3.2200000e+01   0.0000000e+00  -4.4079201e-02   8.8158402e-02
   3.2300000e+01   0.0000000e+00  -4.3749932e-02   8.7499865e-02
   3.2400000e+01   0.0000000e+00  -4.3914567e-02   8.7829134e-02
   3.2500000e+01   0.0000000e+00  -4.3585298e-02   8.7170596e-02
   3.2600000e+01   0.0000000e+00  -4.3420664e-02   8.6841327e-02
   3.2700000e+01   0.0000000e+00  -4.3914567e-02   8.7829134e-02
   3.2800000e+01   0.0000000e+00  -4.3256029e-02   8.6512058e-02
   3.2900000e+01   0.0000000e+00  -4.3256029e-02   8.6512058e-02
   3.3000000e+01   0.0000000e+00  -4.3585298e-02   8.7170596e-02
   3.3100000e+01   0.0000000e+00  -4.3749932e-02   8.7499865e-02
   3.3200000e+01   0.0000000e+00  -4.3749932e-02   8.7499865e-02
   3.3300000e+01   0.0000000e+00  -4.4079201e-02   8.8158402e-02
   3.3400000e+01   0.0000000e+00  -4.4079201e-02   8.8158402e-02
   3.3500000e+01   0.0000000e+00  -4.2103588e-02   8.4207177e-02
   3.3600000e+01   0.0000000e+00  -4.4573104e-02   8.9146209e-02
   3.3700000e+01   0.0000000e+00  -4.4243836e-02   8.8487671e-02
   3.3800000e+01   0.0000000e+00  -4.4408470e-02   8.8816940e-02
   3.3900000e+01   0.0000000e+00  -4.4243836e-02   8.8487671e-02
   3.4000000e+01   0.0000000e+00  -4.3420664e-02   8.6841327e-02
   3.4100000e+01   0.0000000e+00  -4.3914567e-02   8.7829134e-02
   3.4200000e+01   0.0000000e+00  -4.4243836e-02   8.8487671e-02
   3.4300000e+01   0.0000000e+00  -4.4243836e-02   8.8487671e-02
   3.4400000e+01   0.0000000e+00  -4.3749932e-02   8.7499865e-02
   3.4500000e+01   0.0000000e+00  -4.3749932e-02   8.7499865e-02
   3.4600000e+01   0.0000000e+00  -4.3585298e-02   8.7170596e-02
   3.4700000e+01   0.0000000e+00  -4.3749932e-02   8.7499865e-02
   3.4800000e+01   0.0000000e+00  -4.3749932e-02   8.7499865e-02
   3.4900000e+01   0.0000000e+00  -4.3914567e-02   8.7829134e-02
   3.5000000e+01   1.5000000e+00   7.0608543e-01   8.7829134e-02
   3.5100000e+01   1.5000000e+00   6.5537804e-01   1.8924392e-01
   3.5200000e+01   1.5000000e+00   5.1461565e-01   4.7076870e-01
   3.5300000e+01   1.5000000e+00   3.9212770e-01   7.1574461e-01
   3.5400000e+01   1.5000000e+00   2.6470073e-01   9.7059853e-01
   3.5500000e+01   1.5000000e+00   1.6131040e-01   1.1773792e+00
   3.5600000e+01   1.5000000e+00   1.0731036e-01   1.2853793e+00
   3.5700000e+01   1.5000000e+00   1.0006646e-01   1.2998671e+00
   3.5800000e+01   1.5000000e+00   1.0105426e-01   1.2978915e+00
   3.5900000e+01   1.5000000e+00   9.8420113e-02   1.3031598e+00
   3.6000000e+01   1.5000000e+00   1.0006646e-01   1.2998671e+00
   3.6100000e+01   1.5000000e+00   9.8584747e-02   1.3028305e+00
   3.6200000e+01   1.5000000e+00   9.8584747e-02   1.3028305e+00
   3.6300000e+01   1.5000000e+00   9.8749381e-02   1.3025012e+00
   3.6400000e+01   1.5000000e+00   1.0072499e-01   1.2985500e+00
   3.6500000e+01   1.5000000e+00   9.8914015e-02   1.3021720e+00
   3.6600000e+01   1.5000000e+00   9.7267673e-02   1.3054647e+00
   3.6700000e+01   1.5000000e+00   9.9407918e-02   1.3011842e+00
   3.6800000e+01   1.5000000e+00   9.8914015e-02   1.3021720e+00
   3.6900000e+01   1.5000000e+00   9.7926210e-02   1.3041476e+00
   3.7000000e+01   1.5000000e+00   9.8584747e-02   1.3028305e+00
   3.7100000e+01   1.5000000e+00   9.8749381e-02   1.3025012e+00
   3.7200000e+01   1.5000000e+00   9.9572552e-02   1.3008549e+00
   3.7300000e+01   1.5000000e+00   9.6115233e-02   1.3077695e+00
   3.7400000e+01   1.5000000e+00   9.8914015e-02   1.3021720e+00
   3.7500000e+01   1.5000000e+00   9.8914015e-02   1.3021720e+00
   3.7600000e+01   1.5000000e+00   9.8749381e-02   1.3025012e+00
   3.7700000e+01   1.5000000e+00   1.0023109e-01   1.2995378e+00
   3.7800000e+01   1.5000000e+00   9.9572552e-02   1.3008549e+00
   3.7900000e+01   1.5000000e+00   9.7761576e-02   1.3044768e+00
   3.8000000e+01   1.5000000e+00   1.0335914e-01   1.2932817e+00
   3.8100000e+01   1.5000000e+00   9.8584747e-02   1.3028305e+00
   3.8200000e+01   1.5000000e+00   9.8749381e-02   1.3025012e+00
   3.8300000e+01   1.5000000e+00   1.0056036e-01   1.2988793e+00
   3.8400000e+01   1.5000000e+00   1.0039572e-01   1.2992086e+00
   3.8500000e+01   1.5000000e+00   1.0088963e-01   1.2982207e+00
   3.8600000e+01   1.5000000e+00   9.8420113e-02   1.3031598e+00
   3.8700000e+01   1.5000000e+00   9.9078650e-02   1.3018427e+00
   3.8800000e+01   1.5000000e+00   9.7596941e-02   1.3048061e+00
   3.8900000e+01   1.5000000e+00   1.0006646e-01   1.2998671e+00
   3.9000000e+01   1.5000000e+00   9.7926210e-02   1.3041476e+00
   3.9100000e+01   1.5000000e+00   1.0023109e-01   1.2995378e+00
   3.9200000e+01   1.5000000e+00   9.9243284e-02   1.3015134e+00
   3.9300000e+01   1.5000000e+00   1.0154816e-01   1.2969037e+00
   3.9400000e+01   1.5000000e+00   9.8749381e-02   1.3025012e+00
   3.9500000e+01   1.5000000e+00   9.5785965e-02   1.3084281e+00
   3.9600000e+01   1.5000000e+00   9.6444502e-02   1.3071110e+00
   3.9700000e+01   1.5000000e+00   9.5292062e-02   1.3094159e+00
   3.9800000e+01   1.5000000e+00   9.8749381e-02   1.3025012e+00
   3.9900000e+01   1.5000000e+00   9.7926210e-02   1.3041476e+00
   4.0000000e+01   0.0000000e+00  -6.5207379e-01   1.3041476e+00
