   0.0000000e+00   0.0000000e+00   0.0000000e+00   0.0000000e+00
   1.0000000e-01   0.0000000e+00   0.0000000e+00   0.0000000e+00
   2.0000000e-01   0.0000000e+00  -1.3914455e+00   2.7828911e+00
   3.0000000e-01   0.0000000e+00  -1.4112016e+00   2.8224032e+00
   4.0000000e-01   0.0000000e+00  -1.3790980e+00   2.7581960e+00
   5.0000000e-01   0.0000000e+00  -1.1793970e+00   2.3587939e+00
   6.0000000e-01   0.0000000e+00  -8.6922632e-01   1.7384526e+00
   7.0000000e-01   0.0000000e+00  -5.2645784e-01   1.0529157e+00
   8.0000000e-01   0.0000000e+00  -1.9076844e-01   3.8153687e-01
   9.0000000e-01   0.0000000e+00   7.5610007e-02  -1.5122001e-01
   1.0000000e+00   0.0000000e+00   2.0353094e-01  -4.0706189e-01
   1.1000000e+00   0.0000000e+00   2.1834804e-01  -4.3669608e-01
   1.2000000e+00   0.0000000e+00   2.0698827e-01  -4.1397654e-01
   1.3000000e+00   0.0000000e+00   1.8015286e-01  -3.6030572e-01
   1.4000000e+00   0.0000000e+00   1.3026863e-01  -2.6053726e-01
   1.5000000e+00   0.0000000e+00   8.4335631e-02  -1.6867126e-01
   1.6000000e+00   0.0000000e+00   5.0585578e-02  -1.0117116e-01
   1.7000000e+00   0.0000000e+00   4.3506299e-02  -8.7012597e-02
   1.8000000e+00   0.0000000e+00   4.2847761e-02  -8.5695522e-02
   1.9000000e+00   0.0000000e+00   4.3177030e-02  -8.6354059e-02
   2.0000000e+00   0.0000000e+00   4.4988008e-02  -8.9976016e-02
   2.1000000e+00   0.0000000e+00   4.3341664e-02  -8.6683328e-02
   2.2000000e+00   0.0000000e+00   4.3506299e-02  -8.7012597e-02
   2.3000000e+00   0.0000000e+00   4.3506299e-02  -8.7012597e-02
   2.4000000e+00   0.0000000e+00   4.2353858e-02  -8.4707715e-02
   2.5000000e+00   0.0000000e+00   4.3506299e-02  -8.7012597e-02
   2.6000000e+00   0.0000000e+00   4.4988008e-02  -8.9976016e-02
   2.7000000e+00   0.0000000e+00   4.3670933e-02  -8.7341866e-02
   2.8000000e+00   0.0000000e+00   4.3506299e-02  -8.7012597e-02
   2.9000000e+00   0.0000000e+00   4.3670933e-02  -8.7341866e-02
   3.0000000e+00   0.0000000e+00   4.2683127e-02  -8.5366253e-02
   3.1000000e+00   0.0000000e+00   4.2353858e-02  -8.4707715e-02
   3.2000000e+00   0.0000000e+00   4.4988008e-02  -8.9976016e-02
   3.3000000e+00   0.0000000e+00   4.4000202e-02  -8.8000403e-02
   3.4000000e+00   0.0000000e+00   4.3506299e-02  -8.7012597e-02
   3.5000000e+00   0.0000000e+00   4.2847761e-02  -8.5695522e-02
   3.6000000e+00   0.0000000e+00   4.4494105e-02  -8.8988210e-02
   3.7000000e+00   0.0000000e+00   4.3670933e-02  -8.7341866e-02
   3.8000000e+00   0.0000000e+00   4.3670933e-02  -8.7341866e-02
   3.9000000e+00   0.0000000e+00   4.3670933e-02  -8.7341866e-02
   4.0000000e+00   0.0000000e+00   4.4164836e-02  -8.8329672e-02
   4.1000000e+00   0.0000000e+00   4.3341664e-02  -8.6683328e-02
   4.2000000e+00   0.0000000e+00   4.4658739e-02  -8.9317479e-02
   4.3000000e+00   0.0000000e+00   4.5317277e-02  -9.0634554e-02
   4.4000000e+00   0.0000000e+00   4.3341664e-02  -8.6683328e-02
   4.5000000e+00   0.0000000e+00   4.4000202e-02  -8.8000403e-02
   4.6000000e+00   0.0000000e+00   4.3670933e-02  -8.7341866e-02
   4.7000000e+00   0.0000000e+00   4.3341664e-02  -8.6683328e-02
   4.8000000e+00   0.0000000e+00   4.3177030e-02  -8.6354059e-02
   4.9000000e+00   0.0000000e+00   4.5317277e-02  -9.0634554e-02
   5.0000000e+00   3.5000000e+00   1.7935063e+00  -8.7012597e-02
   5.1000000e+00   3.5000000e+00   1.6585061e+00   1.8298781e-01
   5.2000000e+00   3.5000000e+00   1.2775422e+00   9.4491558e-01
   5.3000000e+00   3.5000000e+00   7.9713953e-01   1.9057209e+00
   5.4000000e+00   3.5000000e+00   3.0867039e-01   2.8826592e+00
   5.5000000e+00   3.5000000e+00  -9.2542087e-02   3.6850842e+00
   5.6000000e+00   3.5000000e+00  -3.3570582e-01   4.1714116e+00
   5.7000000e+00   3.5000000e+00  -4.1028476e-01   4.3205695e+00
   5.8000000e+00   3.5000000e+00  -3.8410805e-01   4.2682161e+00
   5.9000000e+00   3.5000000e+00  -3.3340095e-01   4.1668019e+00
   6.0000000e+00   3.5000000e+00  -2.3972450e-01   3.9794490e+00
   6.1000000e+00   3.5000000e+00  -1.5641993e-01   3.8128399e+00
   6.2000000e+00   3.5000000e+00  -1.0258474e-01   3.7051695e+00
   6.3000000e+00   3.5000000e+00  -8.2334801e-02   3.6646696e+00
   6.4000000e+00   3.5000000e+00  -8.1676267e-02   3.6633525e+00
   6.5000000e+00   3.5000000e+00  -8.1840901e-02   3.6636818e+00
   6.6000000e+00   3.5000000e+00  -8.2170168e-02   3.6643403e+00
   6.7000000e+00   3.5000000e+00  -8.1182366e-02   3.6623647e+00
   6.8000000e+00   3.5000000e+00  -8.1676267e-02   3.6633525e+00
   6.9000000e+00   3.5000000e+00  -8.1676267e-02   3.6633525e+00
   7.0000000e+00   3.5000000e+00  -8.1676267e-02   3.6633525e+00
   7.1000000e+00   3.5000000e+00  -8.1347000e-02   3.6626940e+00
   7.2000000e+00   3.5000000e+00  -8.2334801e-02   3.6646696e+00
   7.3000000e+00   3.5000000e+00  -8.2664069e-02   3.6653281e+00
   7.4000000e+00   3.5000000e+00  -8.2664069e-02   3.6653281e+00
   7.5000000e+00   3.5000000e+00  -8.1676267e-02   3.6633525e+00
   7.6000000e+00   3.5000000e+00  -8.2499435e-02   3.6649989e+00
   7.7000000e+00   3.5000000e+00  -8.1347000e-02   3.6626940e+00
   7.8000000e+00   3.5000000e+00  -8.2005534e-02   3.6640111e+00
   7.9000000e+00   3.5000000e+00  -8.0853099e-02   3.6617062e+00
   8.0000000e+00   3.5000000e+00  -8.2170168e-02   3.6643403e+00
   8.1000000e+00   3.5000000e+00  -8.2664069e-02   3.6653281e+00
   8.2000000e+00   3.5000000e+00  -8.2005534e-02   3.6640111e+00
   8.3000000e+00   3.5000000e+00  -8.1676267e-02   3.6633525e+00
   8.4000000e+00   3.5000000e+00  -8.1182366e-02   3.6623647e+00
   8.5000000e+00   3.5000000e+00  -8.2828702e-02   3.6656574e+00
   8.6000000e+00   3.5000000e+00  -8.1840901e-02   3.6636818e+00
   8.7000000e+00   3.5000000e+00  -8.1840901e-02   3.6636818e+00
   8.8000000e+00   3.5000000e+00  -8.2170168e-02   3.6643403e+00
   8.9000000e+00   3.5000000e+00  -8.2170168e-02   3.6643403e+00
   9.0000000e+00   3.5000000e+00  -8.2334801e-02   3.6646696e+00
   9.1000000e+00   3.5000000e+00  -7.9371396e-02   3.6587428e+00
   9.2000000e+00   3.5000000e+00  -8.1676267e-02   3.6633525e+00
   9.3000000e+00   3.5000000e+00  -8.1017732e-02   3.6620355e+00
   9.4000000e+00   3.5000000e+00  -8.1017732e-02   3.6620355e+00
   9.5000000e+00   3.5000000e+00  -8.2499435e-02   3.6649989e+00
   9.6000000e+00   3.5000000e+00  -8.1676267e-02   3.6633525e+00
   9.7000000e+00   3.5000000e+00  -8.0853099e-02   3.6617062e+00
   9.8000000e+00   3.5000000e+00  -8.2334801e-02   3.6646696e+00
   9.9000000e+00   3.5000000e+00  -8.2828702e-02   3.6656574e+00
   1.0000000e+01   0.0000000e+00  -1.8323348e+00   3.6646696e+00
   1.0100000e+01   0.0000000e+00  -1.6854816e+00   3.3709631e+00
   1.0200000e+01   0.0000000e+00  -1.2931591e+00   2.5863181e+00
   1.0300000e+01   0.0000000e+00  -8.0946411e-01   1.6189282e+00
   1.0400000e+01   0.0000000e+00  -3.1786616e-01   6.3573232e-01
   1.0500000e+01   0.0000000e+00   9.3225889e-02  -1.8645178e-01
   1.0600000e+01   0.0000000e+00   3.3062872e-01  -6.6125743e-01
   1.0700000e+01   0.0000000e+00   3.9335443e-01  -7.8670886e-01
   1.0800000e+01   0.0000000e+00   3.7458611e-01  -7.4917221e-01
   1.0900000e+01   0.0000000e+00   3.2387870e-01  -6.4775741e-01
   1.1000000e+01   0.0000000e+00   2.3415295e-01  -4.6830589e-01
   1.1100000e+01   0.0000000e+00   1.5249428e-01  -3.0498855e-01
   1.1200000e+01   0.0000000e+00   8.4994169e-02  -1.6998834e-01
   1.1300000e+01   0.0000000e+00   3.6920922e-02  -7.3841845e-02
   1.1400000e+01   0.0000000e+00   2.5396514e-02  -5.0793029e-02
   1.1500000e+01   0.0000000e+00   2.3585536e-02  -4.7171072e-02
   1.1600000e+01   0.0000000e+00   2.3420902e-02  -4.6841803e-02
   1.1700000e+01   0.0000000e+00   2.3750170e-02  -4.7500341e-02
   1.1800000e+01   0.0000000e+00   2.2926998e-02  -4.5853997e-02
   1.1900000e+01   0.0000000e+00   2.4737977e-02  -4.9475953e-02
   1.2000000e+01   0.0000000e+00   2.3914805e-02  -4.7829609e-02
   1.2100000e+01   0.0000000e+00   2.3256267e-02  -4.6512534e-02
   1.2200000e+01   0.0000000e+00   2.3091633e-02  -4.6183265e-02
   1.2300000e+01   0.0000000e+00   2.3585536e-02  -4.7171072e-02
   1.2400000e+01   0.0000000e+00   2.4079439e-02  -4.8158878e-02
   1.2500000e+01   0.0000000e+00   2.3585536e-02  -4.7171072e-02
   1.2600000e+01   0.0000000e+00   2.4902611e-02  -4.9805222e-02
   1.2700000e+01   0.0000000e+00   2.3585536e-02  -4.7171072e-02
   1.2800000e+01   0.0000000e+00   2.2433095e-02  -4.4866190e-02
   1.2900000e+01   0.0000000e+00   2.3750170e-02  -4.7500341e-02
   1.3000000e+01   0.0000000e+00   2.5561149e-02  -5.1122297e-02
   1.3100000e+01   0.0000000e+00   2.1445289e-02  -4.2890577e-02
   1.3200000e+01   0.0000000e+00   2.0128213e-02  -4.0256427e-02
   1.3300000e+01   0.0000000e+00   2.1609923e-02  -4.3219846e-02
   1.3400000e+01   0.0000000e+00   2.3091633e-02  -4.6183265e-02
   1.3500000e+01   0.0000000e+00   2.3585536e-02  -4.7171072e-02
   1.3600000e+01   0.0000000e+00   2.4079439e-02  -4.8158878e-02
   1.3700000e+01   0.0000000e+00   2.3750170e-02  -4.7500341e-02
   1.3800000e+01   0.0000000e+00   2.4079439e-02  -4.8158878e-02
   1.3900000e+01   0.0000000e+00   2.4244074e-02  -4.8488147e-02
   1.4000000e+01   0.0000000e+00   2.4573342e-02  -4.9146685e-02
   1.4100000e+01   0.0000000e+00   2.3091633e-02  -4.6183265e-02
   1.4200000e+01   0.0000000e+00   1.9963579e-02  -3.9927158e-02
   1.4300000e+01   0.0000000e+00   2.3256267e-02  -4.6512534e-02
   1.4400000e+01   0.0000000e+00   2.3914805e-02  -4.7829609e-02
   1.4500000e+01   0.0000000e+00   2.3750170e-02  -4.7500341e-02
   1.4600000e+01   0.0000000e+00   2.5231880e-02  -5.0463760e-02
   1.4700000e+01   0.0000000e+00   2.3914805e-02  -4.7829609e-02
   1.4800000e+01   0.0000000e+00   2.4244074e-02  -4.8488147e-02
   1.4900000e+01   0.0000000e+00   2.3256267e-02  -4.6512534e-02
   1.5000000e+01   3.5000000e+00   1.7739148e+00  -4.7829609e-02
   1.5100000e+01   3.5000000e+00   1.6371036e+00   2.2579275e-01
   1.5200000e+01   3.5000000e+00   1.2597617e+00   9.8047659e-01
   1.5300000e+01   3.5000000e+00   7.8824929e-01   1.9235014e+00
   1.5400000e+01   3.5000000e+00   3.1459721e-01   2.8708056e+00
   1.5500000e+01   3.5000000e+00  -8.2170168e-02   3.6643403e+00
   1.5600000e+01   3.5000000e+00  -3.4294969e-01   4.1858994e+00
   1.5700000e+01   3.5000000e+00  -4.0353479e-01   4.3070696e+00
   1.5800000e+01   3.5000000e+00  -3.9760799e-01   4.2952160e+00
   1.5900000e+01   3.5000000e+00  -3.2681561e-01   4.1536312e+00
   1.6000000e+01   3.5000000e+00  -2.3379769e-01   3.9675954e+00
   1.6100000e+01   3.5000000e+00  -1.5049312e-01   3.8009862e+00
   1.6200000e+01   3.5000000e+00  -9.5999393e-02   3.6919988e+00
   1.6300000e+01   3.5000000e+00  -8.0029931e-02   3.6600599e+00
   1.6400000e+01   3.5000000e+00  -7.9700663e-02   3.6594013e+00
   1.6500000e+01   3.5000000e+00  -7.7560426e-02   3.6551209e+00
   1.6600000e+01   3.5000000e+00  -8.0359198e-02   3.6607184e+00
   1.6700000e+01   3.5000000e+00  -8.0194564e-02   3.6603891e+00
   1.6800000e+01   3.5000000e+00  -7.7889693e-02   3.6557794e+00
   1.6900000e+01   3.5000000e+00  -7.9865297e-02   3.6597306e+00
   1.7000000e+01   3.5000000e+00  -8.0359198e-02   3.6607184e+00
   1.7100000e+01   3.5000000e+00  -8.0194564e-02   3.6603891e+00
   1.7200000e+01   3.5000000e+00  -8.1676267e-02   3.6633525e+00
   1.7300000e+01   3.5000000e+00  -7.9700663e-02   3.6594013e+00
   1.7400000e+01   3.5000000e+00  -7.8712861e-02   3.6574257e+00
   1.7500000e+01   3.5000000e+00  -8.1182366e-02   3.6623647e+00
   1.7600000e+01   3.5000000e+00  -7.9371396e-02   3.6587428e+00
   1.7700000e+01   3.5000000e+00  -8.2499435e-02   3.6649989e+00
   1.7800000e+01   3.5000000e+00  -7.9371396e-02   3.6587428e+00
   1.7900000e+01   3.5000000e+00  -7.9700663e-02   3.6594013e+00
   1.8000000e+01   3.5000000e+00  -8.1347000e-02   3.6626940e+00
   1.8100000e+01   3.5000000e+00  -8.0359198e-02   3.6607184e+00
   1.8200000e+01   3.5000000e+00  -7.6243357e-02   3.6524867e+00
   1.8300000e+01   3.5000000e+00  -8.0853099e-02   3.6617062e+00
   1.8400000e+01   3.5000000e+00  -7.8218961e-02   3.6564379e+00
   1.8500000e+01   3.5000000e+00  -7.8218961e-02   3.6564379e+00
   1.8600000e+01   3.5000000e+00  -8.1511633e-02   3.6630233e+00
   1.8700000e+01   3.5000000e+00  -8.1511633e-02   3.6630233e+00
   1.8800000e+01   3.5000000e+00  -8.1182366e-02   3.6623647e+00
   1.8900000e+01   3.5000000e+00  -7.8548228e-02   3.6570965e+00
   1.9000000e+01   3.5000000e+00  -7.9700663e-02   3.6594013e+00
   1.9100000e+01   3.5000000e+00  -8.0359198e-02   3.6607184e+00
   1.9200000e+01   3.5000000e+00  -8.0853099e-02   3.6617062e+00
   1.9300000e+01   3.5000000e+00  -8.2334801e-02   3.6646696e+00
   1.9400000e+01   3.5000000e+00  -7.7395792e-02   3.6547916e+00
   1.9500000e+01   3.5000000e+00  -7.9536030e-02   3.6590721e+00
   1.9600000e+01   3.5000000e+00  -7.4432387e-02   3.6488648e+00
   1.9700000e+01   3.5000000e+00  -8.2334801e-02   3.6646696e+00
   1.9800000e+01   3.5000000e+00  -7.9865297e-02   3.6597306e+00
   1.9900000e+01   3.5000000e+00  -8.1511633e-02   3.6630233e+00
   2.0000000e+01   0.0000000e+00  -1.8283836e+00   3.6567672e+00
   2.0100000e+01   0.0000000e+00  -1.6866340e+00   3.3732680e+00
   2.0200000e+01   0.0000000e+00  -1.2948054e+00   2.5896108e+00
   2.0300000e+01   0.0000000e+00  -8.1440313e-01   1.6288063e+00
   2.0400000e+01   0.0000000e+00  -3.2214665e-01   6.4429330e-01
   2.0500000e+01   0.0000000e+00   9.2402717e-02  -1.8480543e-01
   2.0600000e+01   0.0000000e+00   3.2782993e-01  -6.5565986e-01
   2.0700000e+01   0.0000000e+00   3.9368370e-01  -7.8736740e-01
   2.0800000e+01   0.0000000e+00   3.8347636e-01  -7.6695273e-01
   2.0900000e+01   0.0000000e+00   3.2486651e-01  -6.4973302e-01
   2.1000000e+01   0.0000000e+00   2.3217733e-01  -4.6435467e-01
   2.1100000e+01   0.0000000e+00   1.4722598e-01  -2.9445195e-01
   2.1200000e+01   0.0000000e+00   8.3183190e-02  -1.6636638e-01
   2.1300000e+01   0.0000000e+00   3.0829450e-02  -6.1658899e-02
   2.1400000e+01   0.0000000e+00   1.9963579e-02  -3.9927158e-02
   2.1500000e+01   0.0000000e+00   1.6341622e-02  -3.2683245e-02
   2.1600000e+01   0.0000000e+00   2.0951385e-02  -4.1902771e-02
   2.1700000e+01   0.0000000e+00   2.2926998e-02  -4.5853997e-02
   2.1800000e+01   0.0000000e+00   2.0292848e-02  -4.0585696e-02
   2.1900000e+01   0.0000000e+00   1.8975773e-02  -3.7951545e-02
   2.2000000e+01   0.0000000e+00   1.8811138e-02  -3.7622277e-02
   2.2100000e+01   0.0000000e+00   1.8975773e-02  -3.7951545e-02
   2.2200000e+01   0.0000000e+00   1.8975773e-02  -3.7951545e-02
   2.2300000e+01   0.0000000e+00   1.7987966e-02  -3.5975933e-02
   2.2400000e+01   0.0000000e+00   1.8975773e-02  -3.7951545e-02
   2.2500000e+01   0.0000000e+00   1.8811138e-02  -3.7622277e-02
   2.2600000e+01   0.0000000e+00   2.0786751e-02  -4.1573502e-02
   2.2700000e+01   0.0000000e+00   1.8481869e-02  -3.6963739e-02
   2.2800000e+01   0.0000000e+00   1.8811138e-02  -3.7622277e-02
   2.2900000e+01   0.0000000e+00   1.7987966e-02  -3.5975933e-02
   2.3000000e+01   0.0000000e+00   1.9140407e-02  -3.8280814e-02
   2.3100000e+01   0.0000000e+00   1.9469676e-02  -3.8939352e-02
   2.3200000e+01   0.0000000e+00   1.7823332e-02  -3.5646664e-02
   2.3300000e+01   0.0000000e+00   1.9140407e-02  -3.8280814e-02
   2.3400000e+01   0.0000000e+00   1.9305041e-02  -3.8610083e-02
   2.3500000e+01   0.0000000e+00   1.8811138e-02  -3.7622277e-02
   2.3600000e+01   0.0000000e+00   1.9963579e-02  -3.9927158e-02
   2.3700000e+01   0.0000000e+00   1.9469676e-02  -3.8939352e-02
   2.3800000e+01   0.0000000e+00   1.9469676e-02  -3.8939352e-02
   2.3900000e+01   0.0000000e+00   1.8646504e-02  -3.7293008e-02
   2.4000000e+01   0.0000000e+00   1.9634310e-02  -3.9268621e-02
   2.4100000e+01   0.0000000e+00   1.8152601e-02  -3.6305201e-02
   2.4200000e+01   0.0000000e+00   1.7987966e-02  -3.5975933e-02
   2.4300000e+01   0.0000000e+00   1.8481869e-02  -3.6963739e-02
   2.4400000e+01   0.0000000e+00   1.9798945e-02  -3.9597889e-02
   2.4500000e+01   0.0000000e+00   2.0786751e-02  -4.1573502e-02
   2.4600000e+01   0.0000000e+00   1.9469676e-02  -3.8939352e-02
   2.4700000e+01   0.0000000e+00   1.8481869e-02  -3.6963739e-02
   2.4800000e+01   0.0000000e+00   1.8646504e-02  -3.7293008e-02
   2.4900000e+01   0.0000000e+00   1.8811138e-02  -3.7622277e-02
   2.5000000e+01   3.5000000e+00   1.7688111e+00  -3.7622277e-02
   2.5100000e+01   3.5000000e+00   1.6352926e+00   2.2941471e-01
   2.5200000e+01   3.5000000e+00   1.2508715e+00   9.9825710e-01
   2.5300000e+01   3.5000000e+00   7.8660295e-01   1.9267941e+00
   2.5400000e+01   3.5000000e+00   3.1393868e-01   2.8721226e+00
   2.5500000e+01   3.5000000e+00  -1.1657859e-01   3.7331572e+00
   2.5600000e+01   3.5000000e+00  -3.4937040e-01   4.1987408e+00
   2.5700000e+01   3.5000000e+00  -4.0715672e-01   4.3143134e+00
   2.5800000e+01   3.5000000e+00  -4.0205309e-01   4.3041062e+00
   2.5900000e+01   3.5000000e+00  -3.2681561e-01   4.1536312e+00
   2.6000000e+01   3.5000000e+00  -2.3429160e-01   3.9685832e+00
   2.6100000e+01   3.5000000e+00  -1.4983458e-01   3.7996692e+00
   2.6200000e+01   3.5000000e+00  -9.6657927e-02   3.6933159e+00
   2.6300000e+01   3.5000000e+00  -7.8548228e-02   3.6570965e+00
   2.6400000e+01   3.5000000e+00  -7.6901891e-02   3.6538038e+00
   2.6500000e+01   3.5000000e+00  -7.8712861e-02   3.6574257e+00
   2.6600000e+01   3.5000000e+00  -7.7395792e-02   3.6547916e+00
   2.6700000e+01   3.5000000e+00  -7.8712861e-02   3.6574257e+00
   2.6800000e+01   3.5000000e+00  -7.8218961e-02   3.6564379e+00
   2.6900000e+01   3.5000000e+00  -7.9042129e-02   3.6580843e+00
   2.7000000e+01   3.5000000e+00  -7.9371396e-02   3.6587428e+00
   2.7100000e+01   3.5000000e+00  -7.9042129e-02   3.6580843e+00
   2.7200000e+01   3.5000000e+00  -7.8712861e-02   3.6574257e+00
   2.7300000e+01   3.5000000e+00  -7.8218961e-02   3.6564379e+00
   2.7400000e+01   3.5000000e+00  -7.8877495e-02   3.6577550e+00
   2.7500000e+01   3.5000000e+00  -7.8218961e-02   3.6564379e+00
   2.7600000e+01   3.5000000e+00  -7.8548228e-02   3.6570965e+00
   2.7700000e+01   3.5000000e+00  -7.9042129e-02   3.6580843e+00
   2.7800000e+01   3.5000000e+00  -7.6407991e-02   3.6528160e+00
   2.7900000e+01   3.5000000e+00  -8.0853099e-02   3.6617062e+00
   2.8000000e+01   3.5000000e+00  -7.8877495e-02   3.6577550e+00
   2.8100000e+01   3.5000000e+00  -7.8712861e-02   3.6574257e+00
   2.8200000e+01   3.5000000e+00  -7.9206762e-02   3.6584135e+00
   2.8300000e+01   3.5000000e+00  -7.8877495e-02   3.6577550e+00
   2.8400000e+01   3.5000000e+00  -7.8383594e-02   3.6567672e+00
   2.8500000e+01   3.5000000e+00  -7.9206762e-02   3.6584135e+00
   2.8600000e+01   3.5000000e+00  -7.5255555e-02   3.6505111e+00
   2.8700000e+01   3.5000000e+00  -7.9865297e-02   3.6597306e+00
   2.8800000e+01   3.5000000e+00  -7.7231159e-02   3.6544623e+00
   2.8900000e+01   3.5000000e+00  -7.8548228e-02   3.6570965e+00
   2.9000000e+01   3.5000000e+00  -7.8877495e-02   3.6577550e+00
   2.9100000e+01   3.5000000e+00  -7.8548228e-02   3.6570965e+00
   2.9200000e+01   3.5000000e+00  -7.9371396e-02   3.6587428e+00
   2.9300000e+01   3.5000000e+00  -7.8548228e-02   3.6570965e+00
   2.9400000e+01   3.5000000e+00  -7.9536030e-02   3.6590721e+00
   2.9500000e+01   3.5000000e+00  -7.8877495e-02   3.6577550e+00
   2.9600000e+01   3.5000000e+00  -7.8218961e-02   3.6564379e+00
   2.9700000e+01   3.5000000e+00  -7.9371396e-02   3.6587428e+00
   2.9800000e+01   3.5000000e+00  -7.9042129e-02   3.6580843e+00
   2.9900000e+01   3.5000000e+00  -7.8548228e-02   3.6570965e+00
   3.0000000e+01   0.0000000e+00  -1.8287129e+00   3.6574257e+00
   3.0100000e+01   0.0000000e+00  -1.6858108e+00   3.3716216e+00
   3.0200000e+01   0.0000000e+00  -1.2906896e+00   2.5813791e+00
   3.0300000e+01   0.0000000e+00  -8.0732386e-01   1.6146477e+00
   3.0400000e+01   0.0000000e+00  -3.2231129e-01   6.4462257e-01
   3.0500000e+01   0.0000000e+00   9.1250276e-02  -1.8250055e-01
   3.0600000e+01   0.0000000e+00   3.2832383e-01  -6.5664767e-01
   3.0700000e+01   0.0000000e+00   3.9368370e-01  -7.8736740e-01
   3.0800000e+01   0.0000000e+00   3.8512271e-01  -7.7024542e-01
   3.0900000e+01   0.0000000e+00   3.2206773e-01  -6.4413545e-01
   3.1000000e+01   0.0000000e+00   2.2674440e-01  -4.5348880e-01
   3.1100000e+01   0.0000000e+00   1.4080523e-01  -2.8161047e-01
   3.1200000e+01   0.0000000e+00   7.3963663e-02  -1.4792733e-01
   3.1300000e+01   0.0000000e+00   2.9183106e-02  -5.8366211e-02
   3.1400000e+01   0.0000000e+00   1.8811138e-02  -3.7622277e-02
   3.1500000e+01   0.0000000e+00   1.7823332e-02  -3.5646664e-02
   3.1600000e+01   0.0000000e+00   1.8481869e-02  -3.6963739e-02
   3.1700000e+01   0.0000000e+00   1.8481869e-02  -3.6963739e-02
   3.1800000e+01   0.0000000e+00   1.9798945e-02  -3.9597889e-02
   3.1900000e+01   0.0000000e+00   1.8975773e-02  -3.7951545e-02
   3.2000000e+01   0.0000000e+00   1.7823332e-02  -3.5646664e-02
   3.2100000e+01   0.0000000e+00   2.0951385e-02  -4.1902771e-02
   3.2200000e+01   0.0000000e+00   1.8317235e-02  -3.6634470e-02
   3.2300000e+01   0.0000000e+00   1.8481869e-02  -3.6963739e-02
   3.2400000e+01   0.0000000e+00   2.0457482e-02  -4.0914965e-02
   3.2500000e+01   0.0000000e+00   2.0128213e-02  -4.0256427e-02
   3.2600000e+01   0.0000000e+00   1.7823332e-02  -3.5646664e-02
   3.2700000e+01   0.0000000e+00   1.8646504e-02  -3.7293008e-02
   3.2800000e+01   0.0000000e+00   1.9469676e-02  -3.8939352e-02
   3.2900000e+01   0.0000000e+00   1.8317235e-02  -3.6634470e-02
   3.3000000e+01   0.0000000e+00   1.7823332e-02  -3.5646664e-02
   3.3100000e+01   0.0000000e+00   1.8152601e-02  -3.6305201e-02
   3.3200000e+01   0.0000000e+00   1.8646504e-02  -3.7293008e-02
   3.3300000e+01   0.0000000e+00   1.8975773e-02  -3.7951545e-02
   3.3400000e+01   0.0000000e+00   2.0128213e-02  -4.0256427e-02
   3.3500000e+01   0.0000000e+00   1.8317235e-02  -3.6634470e-02
   3.3600000e+01   0.0000000e+00   1.8317235e-02  -3.6634470e-02
   3.3700000e+01   0.0000000e+00   1.8811138e-02  -3.7622277e-02
   3.3800000e+01   0.0000000e+00   1.8975773e-02  -3.7951545e-02
   3.3900000e+01   0.0000000e+00   1.7823332e-02  -3.5646664e-02
   3.4000000e+01   0.0000000e+00   1.7823332e-02  -3.5646664e-02
   3.4100000e+01   0.0000000e+00   1.6670891e-02  -3.3341782e-02
   3.4200000e+01   0.0000000e+00   1.8481869e-02  -3.6963739e-02
   3.4300000e+01   0.0000000e+00   1.7658697e-02  -3.5317395e-02
   3.4400000e+01   0.0000000e+00   1.7658697e-02  -3.5317395e-02
   3.4500000e+01   0.0000000e+00   1.8646504e-02  -3.7293008e-02
   3.4600000e+01   0.0000000e+00   1.8975773e-02  -3.7951545e-02
   3.4700000e+01   0.0000000e+00   1.8152601e-02  -3.6305201e-02
   3.4800000e+01   0.0000000e+00   1.8317235e-02  -3.6634470e-02
   3.4900000e+01   0.0000000e+00   1.8811138e-02  -3.7622277e-02
   3.5000000e+01   3.5000000e+00   1.7689758e+00  -3.7951545e-02
   3.5100000e+01   3.5000000e+00   1.6377622e+00   2.2447568e-01
   3.5200000e+01   3.5000000e+00   1.2577861e+00   9.8442781e-01
   3.5300000e+01   3.5000000e+00   7.9071880e-01   1.9185624e+00
   3.5400000e+01   3.5000000e+00   3.1624355e-01   2.8675129e+00
   3.5500000e+01   3.5000000e+00  -7.6901891e-02   3.6538038e+00
   3.5600000e+01   3.5000000e+00  -3.2204124e-01   4.1440825e+00
   3.5700000e+01   3.5000000e+00  -3.9563239e-01   4.2912648e+00
   3.5800000e+01   3.5000000e+00  -3.9283362e-01   4.2856672e+00
   3.5900000e+01   3.5000000e+00  -3.1940711e-01   4.1388142e+00
   3.6000000e+01   3.5000000e+00  -2.3462086e-01   3.9692417e+00
   3.6100000e+01   3.5000000e+00  -1.5049312e-01   3.8009862e+00
   3.6200000e+01   3.5000000e+00  -9.9456699e-02   3.6989134e+00
   3.6300000e+01   3.5000000e+00  -8.0688465e-02   3.6613769e+00
   3.6400000e+01   3.5000000e+00  -8.0853099e-02   3.6617062e+00
   3.6500000e+01   3.5000000e+00  -7.9206762e-02   3.6584135e+00
   3.6600000e+01   3.5000000e+00  -7.9371396e-02   3.6587428e+00
   3.6700000e+01   3.5000000e+00  -8.0853099e-02   3.6617062e+00
   3.6800000e+01   3.5000000e+00  -8.1182366e-02   3.6623647e+00
   3.6900000e+01   3.5000000e+00  -8.0029931e-02   3.6600599e+00
   3.7000000e+01   3.5000000e+00  -8.1017732e-02   3.6620355e+00
   3.7100000e+01   3.5000000e+00  -8.0194564e-02   3.6603891e+00
   3.7200000e+01   3.5000000e+00  -8.0029931e-02   3.6600599e+00
   3.7300000e+01   3.5000000e+00  -8.0359198e-02   3.6607184e+00
   3.7400000e+01   3.5000000e+00  -7.7560426e-02   3.6551209e+00
   3.7500000e+01   3.5000000e+00  -8.1511633e-02   3.6630233e+00
   3.7600000e+01   3.5000000e+00  -8.0853099e-02   3.6617062e+00
   3.7700000e+01   3.5000000e+00  -8.0688465e-02   3.6613769e+00
   3.7800000e+01   3.5000000e+00  -8.2993336e-02   3.6659867e+00
   3.7900000e+01   3.5000000e+00  -7.9536030e-02   3.6590721e+00
   3.8000000e+01   3.5000000e+00  -8.1182366e-02   3.6623647e+00
   3.8100000e+01   3.5000000e+00  -7.9700663e-02   3.6594013e+00
   3.8200000e+01   3.5000000e+00  -8.0688465e-02   3.6613769e+00
   3.8300000e+01   3.5000000e+00  -8.1017732e-02   3.6620355e+00
   3.8400000e+01   3.5000000e+00  -8.0194564e-02   3.6603891e+00
   3.8500000e+01   3.5000000e+00  -7.8712861e-02   3.6574257e+00
   3.8600000e+01   3.5000000e+00  -8.1347000e-02   3.6626940e+00
   3.8700000e+01   3.5000000e+00  -7.9371396e-02   3.6587428e+00
   3.8800000e+01   3.5000000e+00  -8.0688465e-02   3.6613769e+00
   3.8900000e+01   3.5000000e+00  -7.7889693e-02   3.6557794e+00
   3.9000000e+01   3.5000000e+00  -7.9865297e-02   3.6597306e+00
   3.9100000e+01   3.5000000e+00  -8.2993336e-02   3.6659867e+00
   3.9200000e+01   3.5000000e+00  -8.1017732e-02   3.6620355e+00
   3.9300000e+01   3.5000000e+00  -7.9865297e-02   3.6597306e+00
   3.9400000e+01   3.5000000e+00  -8.1017732e-02   3.6620355e+00
   3.9500000e+01   3.5000000e+00  -8.1511633e-02   3.6630233e+00
   3.9600000e+01   3.5000000e+00  -8.1182366e-02   3.6623647e+00
   3.9700000e+01   3.5000000e+00  -8.1182366e-02   3.6623647e+00
   3.9800000e+01   3.5000000e+00  -8.0688465e-02   3.6613769e+00
   3.9900000e+01   3.5000000e+00  -8.4145771e-02   3.6682915e+00
   4.0000000e+01   0.0000000e+00  -1.8316763e+00   3.6633525e+00
