   0.0000000e+00   1.5000000e+00  -3.0490527e-03
   5.0000000e-02   1.5000000e+00   1.5390000e-02
   1.0000000e-01   1.5000000e+00   1.7607317e-01
   1.5000000e-01   1.5000000e+00   3.8812225e-01
   2.0000000e-01   1.5000000e+00   5.3102487e-01
   2.5000000e-01   1.5000000e+00   6.3968354e-01
   3.0000000e-01   1.5000000e+00   7.6052515e-01
   3.5000000e-01   1.5000000e+00   8.5963501e-01
   4.0000000e-01   1.5000000e+00   9.5709852e-01
   4.5000000e-01   1.5000000e+00   1.0160376e+00
   5.0000000e-01   1.5000000e+00   1.0608181e+00
   5.5000000e-01   1.5000000e+00   1.1141596e+00
   6.0000000e-01   1.5000000e+00   1.1497206e+00
   6.5000000e-01   1.5000000e+00   1.1763914e+00
   7.0000000e-01   1.5000000e+00   1.2093182e+00
   7.5000000e-01   1.5000000e+00   1.2350012e+00
   8.0000000e-01   1.5000000e+00   1.2435622e+00
   8.5000000e-01   1.5000000e+00   1.2623305e+00
   9.0000000e-01   1.5000000e+00   1.2820866e+00
   9.5000000e-01   1.5000000e+00   1.2909768e+00
   1.0000000e+00   1.5000000e+00   1.2972329e+00
   1.0500000e+00   1.5000000e+00   1.3018427e+00
   1.1000000e+00   1.5000000e+00   1.3143549e+00
   1.1500000e+00   1.5000000e+00   1.3179769e+00
   1.2000000e+00   1.5000000e+00   1.3169891e+00
   1.2500000e+00   1.5000000e+00   1.3156720e+00
   1.3000000e+00   1.5000000e+00   1.3186354e+00
   1.3500000e+00   1.5000000e+00   1.3324647e+00
   1.4000000e+00   1.5000000e+00   1.3308183e+00
   1.4500000e+00   1.5000000e+00   1.3255500e+00
   1.5000000e+00   1.5000000e+00   1.3278549e+00
   1.5500000e+00   1.5000000e+00   1.3324647e+00
   1.6000000e+00   1.5000000e+00   1.3334525e+00
   1.6500000e+00   1.5000000e+00   1.3406964e+00
   1.7000000e+00   1.5000000e+00   1.3383915e+00
   1.7500000e+00   1.5000000e+00   1.3258793e+00
   1.8000000e+00   1.5000000e+00   1.3393793e+00
   1.8500000e+00   1.5000000e+00   1.3433305e+00
   1.9000000e+00   1.5000000e+00   1.3377330e+00
   1.9500000e+00   1.5000000e+00   1.3262086e+00
   2.0000000e+00   1.5000000e+00   1.3347696e+00
   2.0500000e+00   1.5000000e+00   1.3446476e+00
   2.1000000e+00   1.5000000e+00   1.3420135e+00
   2.1500000e+00   1.5000000e+00   1.3397086e+00
   2.2000000e+00   1.5000000e+00   1.3416842e+00
   2.2500000e+00   1.5000000e+00   1.3420135e+00
   2.3000000e+00   1.5000000e+00   1.3462939e+00
   2.3500000e+00   1.5000000e+00   1.3416842e+00
   2.4000000e+00   1.5000000e+00   1.3367452e+00
   2.4500000e+00   1.5000000e+00   1.3393793e+00
   2.5000000e+00   1.5000000e+00   1.3420135e+00
   2.5500000e+00   1.5000000e+00   1.3383915e+00
   2.6000000e+00   1.5000000e+00   1.3360866e+00
   2.6500000e+00   1.5000000e+00   1.3383915e+00
   2.7000000e+00   1.5000000e+00   1.3430013e+00
   2.7500000e+00   1.5000000e+00   1.3436598e+00
   2.8000000e+00   1.5000000e+00   1.3357574e+00
   2.8500000e+00   1.5000000e+00   1.3331232e+00
   2.9000000e+00   1.5000000e+00   1.3393793e+00
   2.9500000e+00   1.5000000e+00   1.3499159e+00
   3.0000000e+00   1.5000000e+00   1.3430013e+00
   3.0500000e+00   1.5000000e+00   1.3387208e+00
   3.1000000e+00   1.5000000e+00   1.3291720e+00
   3.1500000e+00   1.5000000e+00   1.3410257e+00
   3.2000000e+00   1.5000000e+00   1.3495866e+00
   3.2500000e+00   1.5000000e+00   1.3334525e+00
   3.3000000e+00   1.5000000e+00   1.3354281e+00
   3.3500000e+00   1.5000000e+00   1.3400378e+00
   3.4000000e+00   1.5000000e+00   1.3406964e+00
   3.4500000e+00   1.5000000e+00   1.3410257e+00
   3.5000000e+00   1.5000000e+00   1.3413549e+00
   3.5500000e+00   1.5000000e+00   1.3423427e+00
   3.6000000e+00   1.5000000e+00   1.3426720e+00
   3.6500000e+00   1.5000000e+00   1.3528793e+00
   3.7000000e+00   1.5000000e+00   1.3439891e+00
   3.7500000e+00   1.5000000e+00   1.3380622e+00
   3.8000000e+00   1.5000000e+00   1.3410257e+00
   3.8500000e+00   1.5000000e+00   1.3426720e+00
   3.9000000e+00   1.5000000e+00   1.3380622e+00
   3.9500000e+00   1.5000000e+00   1.3364159e+00
   4.0000000e+00   1.5000000e+00   1.3360866e+00
   4.0500000e+00   1.5000000e+00   1.3456354e+00
   4.1000000e+00   1.5000000e+00   1.3423427e+00
   4.1500000e+00   1.5000000e+00   1.3357574e+00
   4.2000000e+00   1.5000000e+00   1.3347696e+00
   4.2500000e+00   1.5000000e+00   1.3443183e+00
   4.3000000e+00   1.5000000e+00   1.3492574e+00
   4.3500000e+00   1.5000000e+00   1.3462939e+00
   4.4000000e+00   1.5000000e+00   1.3413549e+00
   4.4500000e+00   1.5000000e+00   1.3334525e+00
   4.5000000e+00   1.5000000e+00   1.3512330e+00
   4.5500000e+00   1.5000000e+00   1.3495866e+00
   4.6000000e+00   1.5000000e+00   1.3357574e+00
   4.6500000e+00   1.5000000e+00   1.3337817e+00
   4.7000000e+00   1.5000000e+00   1.3357574e+00
   4.7500000e+00   1.5000000e+00   1.3377330e+00
   4.8000000e+00   1.5000000e+00   1.3426720e+00
   4.8500000e+00   1.5000000e+00   1.3393793e+00
   4.9000000e+00   1.5000000e+00   1.3439891e+00
   4.9500000e+00   1.5000000e+00   1.3459647e+00
   5.0000000e+00  -1.5000000e+00   1.3528793e+00
   5.0500000e+00  -1.5000000e+00   8.2967156e-01
   5.1000000e+00  -1.5000000e+00   3.5618318e-01
   5.1500000e+00  -1.5000000e+00  -1.2597848e-02
   5.2000000e+00  -1.5000000e+00  -2.7239094e-01
   5.2500000e+00  -1.5000000e+00  -5.0485473e-01
   5.3000000e+00  -1.5000000e+00  -6.1944029e-01
   5.3500000e+00  -1.5000000e+00  -7.4390391e-01
   5.4000000e+00  -1.5000000e+00  -8.5750166e-01
   5.4500000e+00  -1.5000000e+00  -9.3487984e-01
   5.5000000e+00  -1.5000000e+00  -9.9809945e-01
   5.5500000e+00  -1.5000000e+00  -1.0669166e+00
   5.6000000e+00  -1.5000000e+00  -1.1238801e+00
   5.6500000e+00  -1.5000000e+00  -1.1492338e+00
   5.7000000e+00  -1.5000000e+00  -1.1874290e+00
   5.7500000e+00  -1.5000000e+00  -1.2002705e+00
   5.8000000e+00  -1.5000000e+00  -1.2249657e+00
   5.8500000e+00  -1.5000000e+00  -1.2539413e+00
   5.9000000e+00  -1.5000000e+00  -1.2713926e+00
   5.9500000e+00  -1.5000000e+00  -1.2845633e+00
   6.0000000e+00  -1.5000000e+00  -1.2845633e+00
   6.0500000e+00  -1.5000000e+00  -1.2941121e+00
   6.1000000e+00  -1.5000000e+00  -1.3069536e+00
   6.1500000e+00  -1.5000000e+00  -1.3165024e+00
   6.2000000e+00  -1.5000000e+00  -1.3115634e+00
   6.2500000e+00  -1.5000000e+00  -1.3069536e+00
   6.3000000e+00  -1.5000000e+00  -1.3109048e+00
   6.3500000e+00  -1.5000000e+00  -1.3280268e+00
   6.4000000e+00  -1.5000000e+00  -1.3388927e+00
   6.4500000e+00  -1.5000000e+00  -1.3313195e+00
   6.5000000e+00  -1.5000000e+00  -1.3237463e+00
   6.5500000e+00  -1.5000000e+00  -1.3286853e+00
   6.6000000e+00  -1.5000000e+00  -1.3392220e+00
   6.6500000e+00  -1.5000000e+00  -1.3375756e+00
   6.7000000e+00  -1.5000000e+00  -1.3244049e+00
   6.7500000e+00  -1.5000000e+00  -1.3346122e+00
   6.8000000e+00  -1.5000000e+00  -1.3385634e+00
   6.8500000e+00  -1.5000000e+00  -1.3411976e+00
   6.9000000e+00  -1.5000000e+00  -1.3359293e+00
   6.9500000e+00  -1.5000000e+00  -1.3342829e+00
   7.0000000e+00  -1.5000000e+00  -1.3379049e+00
   7.0500000e+00  -1.5000000e+00  -1.3418561e+00
   7.1000000e+00  -1.5000000e+00  -1.3415268e+00
   7.1500000e+00  -1.5000000e+00  -1.3303317e+00
   7.2000000e+00  -1.5000000e+00  -1.3398805e+00
   7.2500000e+00  -1.5000000e+00  -1.3421854e+00
   7.3000000e+00  -1.5000000e+00  -1.3527220e+00
   7.3500000e+00  -1.5000000e+00  -1.3385634e+00
   7.4000000e+00  -1.5000000e+00  -1.3359293e+00
   7.4500000e+00  -1.5000000e+00  -1.3346122e+00
   7.5000000e+00  -1.5000000e+00  -1.3507464e+00
   7.5500000e+00  -1.5000000e+00  -1.3372463e+00
   7.6000000e+00  -1.5000000e+00  -1.3313195e+00
   7.6500000e+00  -1.5000000e+00  -1.3369171e+00
   7.7000000e+00  -1.5000000e+00  -1.3362585e+00
   7.7500000e+00  -1.5000000e+00  -1.3484415e+00
   7.8000000e+00  -1.5000000e+00  -1.3448195e+00
   7.8500000e+00  -1.5000000e+00  -1.3352707e+00
   7.9000000e+00  -1.5000000e+00  -1.3464659e+00
   7.9500000e+00  -1.5000000e+00  -1.3477829e+00
   8.0000000e+00  -1.5000000e+00  -1.3458073e+00
   8.0500000e+00  -1.5000000e+00  -1.3398805e+00
   8.1000000e+00  -1.5000000e+00  -1.3339537e+00
   8.1500000e+00  -1.5000000e+00  -1.3408683e+00
   8.2000000e+00  -1.5000000e+00  -1.3504171e+00
   8.2500000e+00  -1.5000000e+00  -1.3372463e+00
   8.3000000e+00  -1.5000000e+00  -1.3326366e+00
   8.3500000e+00  -1.5000000e+00  -1.3487707e+00
   8.4000000e+00  -1.5000000e+00  -1.3448195e+00
   8.4500000e+00  -1.5000000e+00  -1.3461366e+00
   8.5000000e+00  -1.5000000e+00  -1.3372463e+00
   8.5500000e+00  -1.5000000e+00  -1.3372463e+00
   8.6000000e+00  -1.5000000e+00  -1.3553561e+00
   8.6500000e+00  -1.5000000e+00  -1.3579903e+00
   8.7000000e+00  -1.5000000e+00  -1.3471244e+00
   8.7500000e+00  -1.5000000e+00  -1.3365878e+00
   8.8000000e+00  -1.5000000e+00  -1.3405390e+00
   8.8500000e+00  -1.5000000e+00  -1.3418561e+00
   8.9000000e+00  -1.5000000e+00  -1.3411976e+00
   8.9500000e+00  -1.5000000e+00  -1.3306610e+00
   9.0000000e+00  -1.5000000e+00  -1.3306610e+00
   9.0500000e+00  -1.5000000e+00  -1.3425146e+00
   9.1000000e+00  -1.5000000e+00  -1.3507464e+00
   9.1500000e+00  -1.5000000e+00  -1.3435024e+00
   9.2000000e+00  -1.5000000e+00  -1.3316488e+00
   9.2500000e+00  -1.5000000e+00  -1.3382341e+00
   9.3000000e+00  -1.5000000e+00  -1.3481122e+00
   9.3500000e+00  -1.5000000e+00  -1.3477829e+00
   9.4000000e+00  -1.5000000e+00  -1.3339537e+00
   9.4500000e+00  -1.5000000e+00  -1.3316488e+00
   9.5000000e+00  -1.5000000e+00  -1.3379049e+00
   9.5500000e+00  -1.5000000e+00  -1.3474537e+00
   9.6000000e+00  -1.5000000e+00  -1.3342829e+00
   9.6500000e+00  -1.5000000e+00  -1.3267097e+00
   9.7000000e+00  -1.5000000e+00  -1.3431732e+00
   9.7500000e+00  -1.5000000e+00  -1.3421854e+00
   9.8000000e+00  -1.5000000e+00  -1.3411976e+00
   9.8500000e+00  -1.5000000e+00  -1.3392220e+00
   9.9000000e+00  -1.5000000e+00  -1.3392220e+00
   9.9500000e+00  -1.5000000e+00  -1.3507464e+00
   1.0000000e+01   1.5000000e+00  -1.3612830e+00
   1.0050000e+01   1.5000000e+00  -9.4278229e-01
   1.0100000e+01   1.5000000e+00  -5.2592794e-01
   1.0150000e+01   1.5000000e+00  -1.2817120e-01
   1.0200000e+01   1.5000000e+00   1.8101220e-01
   1.0250000e+01   1.5000000e+00   4.0392714e-01
   1.0300000e+01   1.5000000e+00   5.7448834e-01
   1.0350000e+01   1.5000000e+00   7.4340318e-01
   1.0400000e+01   1.5000000e+00   8.3658620e-01
   1.0450000e+01   1.5000000e+00   9.1100091e-01
   1.0500000e+01   1.5000000e+00   9.7817171e-01
   1.0550000e+01   1.5000000e+00   1.0364523e+00
   1.0600000e+01   1.5000000e+00   1.0881474e+00
   1.0650000e+01   1.5000000e+00   1.1316109e+00
   1.0700000e+01   1.5000000e+00   1.1694768e+00
   1.0750000e+01   1.5000000e+00   1.1905499e+00
   1.0800000e+01   1.5000000e+00   1.2119524e+00
   1.0850000e+01   1.5000000e+00   1.2369768e+00
   1.0900000e+01   1.5000000e+00   1.2639768e+00
   1.0950000e+01   1.5000000e+00   1.2702329e+00
   1.1000000e+01   1.5000000e+00   1.2784646e+00
   1.1050000e+01   1.5000000e+00   1.2817573e+00
   1.1100000e+01   1.5000000e+00   1.2949281e+00
   1.1150000e+01   1.5000000e+00   1.3087573e+00
   1.1200000e+01   1.5000000e+00   1.3113915e+00
   1.1250000e+01   1.5000000e+00   1.3094159e+00
   1.1300000e+01   1.5000000e+00   1.3202817e+00
   1.1350000e+01   1.5000000e+00   1.3281842e+00
   1.1400000e+01   1.5000000e+00   1.3344403e+00
   1.1450000e+01   1.5000000e+00   1.3304891e+00
   1.1500000e+01   1.5000000e+00   1.3239037e+00
   1.1550000e+01   1.5000000e+00   1.3288427e+00
   1.1600000e+01   1.5000000e+00   1.3403671e+00
   1.1650000e+01   1.5000000e+00   1.3430013e+00
   1.1700000e+01   1.5000000e+00   1.3288427e+00
   1.1750000e+01   1.5000000e+00   1.3311476e+00
   1.1800000e+01   1.5000000e+00   1.3370744e+00
   1.1850000e+01   1.5000000e+00   1.3482696e+00
   1.1900000e+01   1.5000000e+00   1.3403671e+00
   1.1950000e+01   1.5000000e+00   1.3374037e+00
   1.2000000e+01   1.5000000e+00   1.3318061e+00
   1.2050000e+01   1.5000000e+00   1.3456354e+00
   1.2100000e+01   1.5000000e+00   1.3426720e+00
   1.2150000e+01   1.5000000e+00   1.3446476e+00
   1.2200000e+01   1.5000000e+00   1.3357574e+00
   1.2250000e+01   1.5000000e+00   1.3430013e+00
   1.2300000e+01   1.5000000e+00   1.3538671e+00
   1.2350000e+01   1.5000000e+00   1.3462939e+00
   1.2400000e+01   1.5000000e+00   1.3426720e+00
   1.2450000e+01   1.5000000e+00   1.3393793e+00
   1.2500000e+01   1.5000000e+00   1.3453061e+00
   1.2550000e+01   1.5000000e+00   1.3380622e+00
   1.2600000e+01   1.5000000e+00   1.3406964e+00
   1.2650000e+01   1.5000000e+00   1.3406964e+00
   1.2700000e+01   1.5000000e+00   1.3406964e+00
   1.2750000e+01   1.5000000e+00   1.3476110e+00
   1.2800000e+01   1.5000000e+00   1.3406964e+00
   1.2850000e+01   1.5000000e+00   1.3423427e+00
   1.2900000e+01   1.5000000e+00   1.3380622e+00
   1.2950000e+01   1.5000000e+00   1.3459647e+00
   1.3000000e+01   1.5000000e+00   1.3482696e+00
   1.3050000e+01   1.5000000e+00   1.3426720e+00
   1.3100000e+01   1.5000000e+00   1.3403671e+00
   1.3150000e+01   1.5000000e+00   1.3413549e+00
   1.3200000e+01   1.5000000e+00   1.3528793e+00
   1.3250000e+01   1.5000000e+00   1.3397086e+00
   1.3300000e+01   1.5000000e+00   1.3374037e+00
   1.3350000e+01   1.5000000e+00   1.3393793e+00
   1.3400000e+01   1.5000000e+00   1.3423427e+00
   1.3450000e+01   1.5000000e+00   1.3433305e+00
   1.3500000e+01   1.5000000e+00   1.3416842e+00
   1.3550000e+01   1.5000000e+00   1.3430013e+00
   1.3600000e+01   1.5000000e+00   1.3449769e+00
   1.3650000e+01   1.5000000e+00   1.3545257e+00
   1.3700000e+01   1.5000000e+00   1.3469525e+00
   1.3750000e+01   1.5000000e+00   1.3485988e+00
   1.3800000e+01   1.5000000e+00   1.3492574e+00
   1.3850000e+01   1.5000000e+00   1.3502452e+00
   1.3900000e+01   1.5000000e+00   1.3453061e+00
   1.3950000e+01   1.5000000e+00   1.3390500e+00
   1.4000000e+01   1.5000000e+00   1.3387208e+00
   1.4050000e+01   1.5000000e+00   1.3466232e+00
   1.4100000e+01   1.5000000e+00   1.3535379e+00
   1.4150000e+01   1.5000000e+00   1.3416842e+00
   1.4200000e+01   1.5000000e+00   1.3400378e+00
   1.4250000e+01   1.5000000e+00   1.3449769e+00
   1.4300000e+01   1.5000000e+00   1.3453061e+00
   1.4350000e+01   1.5000000e+00   1.3522208e+00
   1.4400000e+01   1.5000000e+00   1.3443183e+00
   1.4450000e+01   1.5000000e+00   1.3416842e+00
   1.4500000e+01   1.5000000e+00   1.3462939e+00
   1.4550000e+01   1.5000000e+00   1.3601232e+00
   1.4600000e+01   1.5000000e+00   1.3439891e+00
   1.4650000e+01   1.5000000e+00   1.3420135e+00
   1.4700000e+01   1.5000000e+00   1.3436598e+00
   1.4750000e+01   1.5000000e+00   1.3505744e+00
   1.4800000e+01   1.5000000e+00   1.3499159e+00
   1.4850000e+01   1.5000000e+00   1.3390500e+00
   1.4900000e+01   1.5000000e+00   1.3472818e+00
   1.4950000e+01   1.5000000e+00   1.3502452e+00
   1.5000000e+01  -1.5000000e+00   1.3535379e+00
   1.5050000e+01  -1.5000000e+00   7.3286658e-01
   1.5100000e+01  -1.5000000e+00   2.9000016e-01
   1.5150000e+01  -1.5000000e+00  -7.0878426e-02
   1.5200000e+01  -1.5000000e+00  -2.7469582e-01
   1.5250000e+01  -1.5000000e+00  -5.0584254e-01
   1.5300000e+01  -1.5000000e+00  -6.3162324e-01
   1.5350000e+01  -1.5000000e+00  -7.6398931e-01
   1.5400000e+01  -1.5000000e+00  -8.5289189e-01
   1.5450000e+01  -1.5000000e+00  -9.3389203e-01
   1.5500000e+01  -1.5000000e+00  -9.9250188e-01
   1.5550000e+01  -1.5000000e+00  -1.0685630e+00
   1.5600000e+01  -1.5000000e+00  -1.1219045e+00
   1.5650000e+01  -1.5000000e+00  -1.1633924e+00
   1.5700000e+01  -1.5000000e+00  -1.1907217e+00
   1.5750000e+01  -1.5000000e+00  -1.2058681e+00
   1.5800000e+01  -1.5000000e+00  -1.2157461e+00
   1.5850000e+01  -1.5000000e+00  -1.2552584e+00
   1.5900000e+01  -1.5000000e+00  -1.2720511e+00
   1.5950000e+01  -1.5000000e+00  -1.2815999e+00
   1.6000000e+01  -1.5000000e+00  -1.2799536e+00
   1.6050000e+01  -1.5000000e+00  -1.2901609e+00
   1.6100000e+01  -1.5000000e+00  -1.3095878e+00
   1.6150000e+01  -1.5000000e+00  -1.3168317e+00
   1.6200000e+01  -1.5000000e+00  -1.3118926e+00
   1.6250000e+01  -1.5000000e+00  -1.3099170e+00
   1.6300000e+01  -1.5000000e+00  -1.3132097e+00
   1.6350000e+01  -1.5000000e+00  -1.3230878e+00
   1.6400000e+01  -1.5000000e+00  -1.3385634e+00
   1.6450000e+01  -1.5000000e+00  -1.3276975e+00
   1.6500000e+01  -1.5000000e+00  -1.3201244e+00
   1.6550000e+01  -1.5000000e+00  -1.3306610e+00
   1.6600000e+01  -1.5000000e+00  -1.3303317e+00
   1.6650000e+01  -1.5000000e+00  -1.3329658e+00
   1.6700000e+01  -1.5000000e+00  -1.3316488e+00
   1.6750000e+01  -1.5000000e+00  -1.3280268e+00
   1.6800000e+01  -1.5000000e+00  -1.3283561e+00
   1.6850000e+01  -1.5000000e+00  -1.3431732e+00
   1.6900000e+01  -1.5000000e+00  -1.3375756e+00
   1.6950000e+01  -1.5000000e+00  -1.3385634e+00
   1.7000000e+01  -1.5000000e+00  -1.3382341e+00
   1.7050000e+01  -1.5000000e+00  -1.3471244e+00
   1.7100000e+01  -1.5000000e+00  -1.3415268e+00
   1.7150000e+01  -1.5000000e+00  -1.3332951e+00
   1.7200000e+01  -1.5000000e+00  -1.3356000e+00
   1.7250000e+01  -1.5000000e+00  -1.3444903e+00
   1.7300000e+01  -1.5000000e+00  -1.3514049e+00
   1.7350000e+01  -1.5000000e+00  -1.3342829e+00
   1.7400000e+01  -1.5000000e+00  -1.3316488e+00
   1.7450000e+01  -1.5000000e+00  -1.3382341e+00
   1.7500000e+01  -1.5000000e+00  -1.3471244e+00
   1.7550000e+01  -1.5000000e+00  -1.3372463e+00
   1.7600000e+01  -1.5000000e+00  -1.3309902e+00
   1.7650000e+01  -1.5000000e+00  -1.3300024e+00
   1.7700000e+01  -1.5000000e+00  -1.3375756e+00
   1.7750000e+01  -1.5000000e+00  -1.3504171e+00
   1.7800000e+01  -1.5000000e+00  -1.3395512e+00
   1.7850000e+01  -1.5000000e+00  -1.3352707e+00
   1.7900000e+01  -1.5000000e+00  -1.3494293e+00
   1.7950000e+01  -1.5000000e+00  -1.3533805e+00
   1.8000000e+01  -1.5000000e+00  -1.3372463e+00
   1.8050000e+01  -1.5000000e+00  -1.3326366e+00
   1.8100000e+01  -1.5000000e+00  -1.3418561e+00
   1.8150000e+01  -1.5000000e+00  -1.3454781e+00
   1.8200000e+01  -1.5000000e+00  -1.3494293e+00
   1.8250000e+01  -1.5000000e+00  -1.3388927e+00
   1.8300000e+01  -1.5000000e+00  -1.3356000e+00
   1.8350000e+01  -1.5000000e+00  -1.3388927e+00
   1.8400000e+01  -1.5000000e+00  -1.3477829e+00
   1.8450000e+01  -1.5000000e+00  -1.3405390e+00
   1.8500000e+01  -1.5000000e+00  -1.3359293e+00
   1.8550000e+01  -1.5000000e+00  -1.3421854e+00
   1.8600000e+01  -1.5000000e+00  -1.3464659e+00
   1.8650000e+01  -1.5000000e+00  -1.3573317e+00
   1.8700000e+01  -1.5000000e+00  -1.3408683e+00
   1.8750000e+01  -1.5000000e+00  -1.3392220e+00
   1.8800000e+01  -1.5000000e+00  -1.3428439e+00
   1.8850000e+01  -1.5000000e+00  -1.3477829e+00
   1.8900000e+01  -1.5000000e+00  -1.3428439e+00
   1.8950000e+01  -1.5000000e+00  -1.3339537e+00
   1.9000000e+01  -1.5000000e+00  -1.3270390e+00
   1.9050000e+01  -1.5000000e+00  -1.3359293e+00
   1.9100000e+01  -1.5000000e+00  -1.3491000e+00
   1.9150000e+01  -1.5000000e+00  -1.3454781e+00
   1.9200000e+01  -1.5000000e+00  -1.3408683e+00
   1.9250000e+01  -1.5000000e+00  -1.3448195e+00
   1.9300000e+01  -1.5000000e+00  -1.3507464e+00
   1.9350000e+01  -1.5000000e+00  -1.3517342e+00
   1.9400000e+01  -1.5000000e+00  -1.3382341e+00
   1.9450000e+01  -1.5000000e+00  -1.3392220e+00
   1.9500000e+01  -1.5000000e+00  -1.3405390e+00
   1.9550000e+01  -1.5000000e+00  -1.3477829e+00
   1.9600000e+01  -1.5000000e+00  -1.3411976e+00
   1.9650000e+01  -1.5000000e+00  -1.3362585e+00
   1.9700000e+01  -1.5000000e+00  -1.3395512e+00
   1.9750000e+01  -1.5000000e+00  -1.3497586e+00
   1.9800000e+01  -1.5000000e+00  -1.3415268e+00
   1.9850000e+01  -1.5000000e+00  -1.3431732e+00
   1.9900000e+01  -1.5000000e+00  -1.3408683e+00
   1.9950000e+01  -1.5000000e+00  -1.3497586e+00
   2.0000000e+01   0.0000000e+00   0.0000000e+00
