   0.0000000e+00   1.5000000e+00  -4.3661279e-03
   5.0000000e-02   1.5000000e+00   1.4731462e-02
   1.0000000e-01   1.5000000e+00   2.3731716e-01
   1.5000000e-01   1.5000000e+00   3.9042713e-01
   2.0000000e-01   1.5000000e+00   5.1851266e-01
   2.5000000e-01   1.5000000e+00   6.1597620e-01
   3.0000000e-01   1.5000000e+00   6.9928117e-01
   3.5000000e-01   1.5000000e+00   7.5492758e-01
   4.0000000e-01   1.5000000e+00   7.9476909e-01
   4.5000000e-01   1.5000000e+00   8.4053743e-01
   5.0000000e-01   1.5000000e+00   8.9618383e-01
   5.5000000e-01   1.5000000e+00   9.2417166e-01
   6.0000000e-01   1.5000000e+00   9.5742779e-01
   6.5000000e-01   1.5000000e+00   9.7520829e-01
   7.0000000e-01   1.5000000e+00   9.7652537e-01
   7.5000000e-01   1.5000000e+00   9.7718391e-01
   8.0000000e-01   1.5000000e+00   9.9364734e-01
   8.5000000e-01   1.5000000e+00   1.0091230e+00
   9.0000000e-01   1.5000000e+00   1.0242693e+00
   9.5000000e-01   1.5000000e+00   1.0295376e+00
   1.0000000e+00   1.5000000e+00   1.0229522e+00
   1.0500000e+00   1.5000000e+00   1.0265742e+00
   1.1000000e+00   1.5000000e+00   1.0338181e+00
   1.1500000e+00   1.5000000e+00   1.0364523e+00
   1.2000000e+00   1.5000000e+00   1.0443547e+00
   1.2500000e+00   1.5000000e+00   1.0387571e+00
   1.3000000e+00   1.5000000e+00   1.0377693e+00
   1.3500000e+00   1.5000000e+00   1.0285498e+00
   1.4000000e+00   1.5000000e+00   1.0407327e+00
   1.4500000e+00   1.5000000e+00   1.0492937e+00
   1.5000000e+00   1.5000000e+00   1.0463303e+00
   1.5500000e+00   1.5000000e+00   1.0420498e+00
   1.6000000e+00   1.5000000e+00   1.0351352e+00
   1.6500000e+00   1.5000000e+00   1.0328303e+00
   1.7000000e+00   1.5000000e+00   1.0420498e+00
   1.7500000e+00   1.5000000e+00   1.0496230e+00
   1.8000000e+00   1.5000000e+00   1.0558791e+00
   1.8500000e+00   1.5000000e+00   1.0390864e+00
   1.9000000e+00   1.5000000e+00   1.0354644e+00
   1.9500000e+00   1.5000000e+00   1.0351352e+00
   2.0000000e+00   1.5000000e+00   1.0460010e+00
   2.0500000e+00   1.5000000e+00   1.0486352e+00
   2.1000000e+00   1.5000000e+00   1.0565376e+00
   2.1500000e+00   1.5000000e+00   1.0390864e+00
   2.2000000e+00   1.5000000e+00   1.0344766e+00
   2.2500000e+00   1.5000000e+00   1.0367815e+00
   2.3000000e+00   1.5000000e+00   1.0417205e+00
   2.3500000e+00   1.5000000e+00   1.0588425e+00
   2.4000000e+00   1.5000000e+00   1.0522571e+00
   2.4500000e+00   1.5000000e+00   1.0473181e+00
   2.5000000e+00   1.5000000e+00   1.0321718e+00
   2.5500000e+00   1.5000000e+00   1.0384279e+00
   2.6000000e+00   1.5000000e+00   1.0525864e+00
   2.6500000e+00   1.5000000e+00   1.0552206e+00
   2.7000000e+00   1.5000000e+00   1.0529157e+00
   2.7500000e+00   1.5000000e+00   1.0436962e+00
   2.8000000e+00   1.5000000e+00   1.0446840e+00
   2.8500000e+00   1.5000000e+00   1.0456718e+00
   2.9000000e+00   1.5000000e+00   1.0515986e+00
   2.9500000e+00   1.5000000e+00   1.0555498e+00
   3.0000000e+00   1.5000000e+00   1.0413913e+00
   3.0500000e+00   1.5000000e+00   1.0331596e+00
   3.1000000e+00   1.5000000e+00   1.0364523e+00
   3.1500000e+00   1.5000000e+00   1.0417205e+00
   3.2000000e+00   1.5000000e+00   1.0489645e+00
   3.2500000e+00   1.5000000e+00   1.0502815e+00
   3.3000000e+00   1.5000000e+00   1.0364523e+00
   3.3500000e+00   1.5000000e+00   1.0387571e+00
   3.4000000e+00   1.5000000e+00   1.0387571e+00
   3.4500000e+00   1.5000000e+00   1.0489645e+00
   3.5000000e+00   1.5000000e+00   1.0555498e+00
   3.5500000e+00   1.5000000e+00   1.0519279e+00
   3.6000000e+00   1.5000000e+00   1.0430376e+00
   3.6500000e+00   1.5000000e+00   1.0367815e+00
   3.7000000e+00   1.5000000e+00   1.0499523e+00
   3.7500000e+00   1.5000000e+00   1.0578547e+00
   3.8000000e+00   1.5000000e+00   1.0601596e+00
   3.8500000e+00   1.5000000e+00   1.0466596e+00
   3.9000000e+00   1.5000000e+00   1.0400742e+00
   3.9500000e+00   1.5000000e+00   1.0328303e+00
   4.0000000e+00   1.5000000e+00   1.0384279e+00
   4.0500000e+00   1.5000000e+00   1.0483059e+00
   4.1000000e+00   1.5000000e+00   1.0680620e+00
   4.1500000e+00   1.5000000e+00   1.0440254e+00
   4.2000000e+00   1.5000000e+00   1.0394157e+00
   4.2500000e+00   1.5000000e+00   1.0334888e+00
   4.3000000e+00   1.5000000e+00   1.0522571e+00
   4.3500000e+00   1.5000000e+00   1.0565376e+00
   4.4000000e+00   1.5000000e+00   1.0618059e+00
   4.4500000e+00   1.5000000e+00   1.0545620e+00
   4.5000000e+00   1.5000000e+00   1.0410620e+00
   4.5500000e+00   1.5000000e+00   1.0433669e+00
   4.6000000e+00   1.5000000e+00   1.0456718e+00
   4.6500000e+00   1.5000000e+00   1.0545620e+00
   4.7000000e+00   1.5000000e+00   1.0499523e+00
   4.7500000e+00   1.5000000e+00   1.0397449e+00
   4.8000000e+00   1.5000000e+00   1.0427084e+00
   4.8500000e+00   1.5000000e+00   1.0413913e+00
   4.9000000e+00   1.5000000e+00   1.0509401e+00
   4.9500000e+00   1.5000000e+00   1.0506108e+00
   5.0000000e+00  -1.5000000e+00   1.0509401e+00
   5.0500000e+00  -1.5000000e+00   5.3563463e-01
   5.1000000e+00  -1.5000000e+00   3.7451009e-02
   5.1500000e+00  -1.5000000e+00  -2.3880552e-01
   5.2000000e+00  -1.5000000e+00  -3.9981798e-01
   5.2500000e+00  -1.5000000e+00  -5.4798895e-01
   5.3000000e+00  -1.5000000e+00  -6.6948915e-01
   5.3500000e+00  -1.5000000e+00  -7.4851367e-01
   5.4000000e+00  -1.5000000e+00  -8.0613572e-01
   5.4500000e+00  -1.5000000e+00  -8.4597725e-01
   5.5000000e+00  -1.5000000e+00  -8.8548951e-01
   5.5500000e+00  -1.5000000e+00  -9.2137981e-01
   5.6000000e+00  -1.5000000e+00  -9.4344082e-01
   5.6500000e+00  -1.5000000e+00  -9.7340429e-01
   5.7000000e+00  -1.5000000e+00  -9.9348969e-01
   5.7500000e+00  -1.5000000e+00  -9.8855066e-01
   5.8000000e+00  -1.5000000e+00  -9.9480676e-01
   5.8500000e+00  -1.5000000e+00  -1.0013921e+00
   5.9000000e+00  -1.5000000e+00  -1.0227946e+00
   5.9500000e+00  -1.5000000e+00  -1.0346483e+00
   6.0000000e+00  -1.5000000e+00  -1.0254288e+00
   6.0500000e+00  -1.5000000e+00  -1.0303678e+00
   6.1000000e+00  -1.5000000e+00  -1.0287215e+00
   6.1500000e+00  -1.5000000e+00  -1.0316849e+00
   6.2000000e+00  -1.5000000e+00  -1.0385995e+00
   6.2500000e+00  -1.5000000e+00  -1.0497947e+00
   6.3000000e+00  -1.5000000e+00  -1.0514410e+00
   6.3500000e+00  -1.5000000e+00  -1.0389288e+00
   6.4000000e+00  -1.5000000e+00  -1.0310263e+00
   6.4500000e+00  -1.5000000e+00  -1.0343190e+00
   6.5000000e+00  -1.5000000e+00  -1.0481483e+00
   6.5500000e+00  -1.5000000e+00  -1.0497947e+00
   6.6000000e+00  -1.5000000e+00  -1.0451849e+00
   6.6500000e+00  -1.5000000e+00  -1.0366239e+00
   6.7000000e+00  -1.5000000e+00  -1.0313556e+00
   6.7500000e+00  -1.5000000e+00  -1.0290507e+00
   6.8000000e+00  -1.5000000e+00  -1.0379410e+00
   6.8500000e+00  -1.5000000e+00  -1.0491361e+00
   6.9000000e+00  -1.5000000e+00  -1.0448556e+00
   6.9500000e+00  -1.5000000e+00  -1.0428800e+00
   7.0000000e+00  -1.5000000e+00  -1.0356361e+00
   7.0500000e+00  -1.5000000e+00  -1.0425507e+00
   7.1000000e+00  -1.5000000e+00  -1.0494654e+00
   7.1500000e+00  -1.5000000e+00  -1.0520995e+00
   7.2000000e+00  -1.5000000e+00  -1.0520995e+00
   7.2500000e+00  -1.5000000e+00  -1.0428800e+00
   7.3000000e+00  -1.5000000e+00  -1.0448556e+00
   7.3500000e+00  -1.5000000e+00  -1.0451849e+00
   7.4000000e+00  -1.5000000e+00  -1.0501239e+00
   7.4500000e+00  -1.5000000e+00  -1.0488069e+00
   7.5000000e+00  -1.5000000e+00  -1.0366239e+00
   7.5500000e+00  -1.5000000e+00  -1.0435386e+00
   7.6000000e+00  -1.5000000e+00  -1.0399166e+00
   7.6500000e+00  -1.5000000e+00  -1.0530873e+00
   7.7000000e+00  -1.5000000e+00  -1.0530873e+00
   7.7500000e+00  -1.5000000e+00  -1.0511117e+00
   7.8000000e+00  -1.5000000e+00  -1.0385995e+00
   7.8500000e+00  -1.5000000e+00  -1.0379410e+00
   7.9000000e+00  -1.5000000e+00  -1.0435386e+00
   7.9500000e+00  -1.5000000e+00  -1.0557215e+00
   8.0000000e+00  -1.5000000e+00  -1.0672459e+00
   8.0500000e+00  -1.5000000e+00  -1.0563800e+00
   8.1000000e+00  -1.5000000e+00  -1.0468312e+00
   8.1500000e+00  -1.5000000e+00  -1.0336605e+00
   8.2000000e+00  -1.5000000e+00  -1.0395873e+00
   8.2500000e+00  -1.5000000e+00  -1.0534166e+00
   8.3000000e+00  -1.5000000e+00  -1.0557215e+00
   8.3500000e+00  -1.5000000e+00  -1.0481483e+00
   8.4000000e+00  -1.5000000e+00  -1.0310263e+00
   8.4500000e+00  -1.5000000e+00  -1.0346483e+00
   8.5000000e+00  -1.5000000e+00  -1.0303678e+00
   8.5500000e+00  -1.5000000e+00  -1.0468312e+00
   8.6000000e+00  -1.5000000e+00  -1.0524288e+00
   8.6500000e+00  -1.5000000e+00  -1.0465020e+00
   8.7000000e+00  -1.5000000e+00  -1.0415629e+00
   8.7500000e+00  -1.5000000e+00  -1.0402459e+00
   8.8000000e+00  -1.5000000e+00  -1.0474898e+00
   8.8500000e+00  -1.5000000e+00  -1.0573678e+00
   8.9000000e+00  -1.5000000e+00  -1.0560508e+00
   8.9500000e+00  -1.5000000e+00  -1.0527581e+00
   9.0000000e+00  -1.5000000e+00  -1.0405751e+00
   9.0500000e+00  -1.5000000e+00  -1.0455142e+00
   9.1000000e+00  -1.5000000e+00  -1.0491361e+00
   9.1500000e+00  -1.5000000e+00  -1.0560508e+00
   9.2000000e+00  -1.5000000e+00  -1.0461727e+00
   9.2500000e+00  -1.5000000e+00  -1.0445264e+00
   9.3000000e+00  -1.5000000e+00  -1.0359654e+00
   9.3500000e+00  -1.5000000e+00  -1.0395873e+00
   9.4000000e+00  -1.5000000e+00  -1.0484776e+00
   9.4500000e+00  -1.5000000e+00  -1.0534166e+00
   9.5000000e+00  -1.5000000e+00  -1.0468312e+00
   9.5500000e+00  -1.5000000e+00  -1.0366239e+00
   9.6000000e+00  -1.5000000e+00  -1.0432093e+00
   9.6500000e+00  -1.5000000e+00  -1.0465020e+00
   9.7000000e+00  -1.5000000e+00  -1.0547337e+00
   9.7500000e+00  -1.5000000e+00  -1.0655996e+00
   9.8000000e+00  -1.5000000e+00  -1.0491361e+00
   9.8500000e+00  -1.5000000e+00  -1.0399166e+00
   9.9000000e+00  -1.5000000e+00  -1.0412337e+00
   9.9500000e+00  -1.5000000e+00  -1.0514410e+00
   1.0000000e+01   1.5000000e+00  -1.0593435e+00
   1.0050000e+01   1.5000000e+00  -6.1976956e-01
   1.0100000e+01   1.5000000e+00  -2.6514703e-01
   1.0150000e+01   1.5000000e+00   1.2865846e-01
   1.0200000e+01   1.5000000e+00   3.2095142e-01
   1.0250000e+01   1.5000000e+00   4.9842727e-01
   1.0300000e+01   1.5000000e+00   6.1663473e-01
   1.0350000e+01   1.5000000e+00   7.1179338e-01
   1.0400000e+01   1.5000000e+00   7.6085441e-01
   1.0450000e+01   1.5000000e+00   8.0333007e-01
   1.0500000e+01   1.5000000e+00   8.5272037e-01
   1.0550000e+01   1.5000000e+00   9.0178139e-01
   1.0600000e+01   1.5000000e+00   9.4359851e-01
   1.0650000e+01   1.5000000e+00   9.7718391e-01
   1.0700000e+01   1.5000000e+00   9.7422049e-01
   1.0750000e+01   1.5000000e+00   9.8409855e-01
   1.0800000e+01   1.5000000e+00   9.9364734e-01
   1.0850000e+01   1.5000000e+00   1.0012205e+00
   1.0900000e+01   1.5000000e+00   1.0153791e+00
   1.0950000e+01   1.5000000e+00   1.0328303e+00
   1.1000000e+01   1.5000000e+00   1.0232815e+00
   1.1050000e+01   1.5000000e+00   1.0216352e+00
   1.1100000e+01   1.5000000e+00   1.0269035e+00
   1.1150000e+01   1.5000000e+00   1.0278913e+00
   1.1200000e+01   1.5000000e+00   1.0387571e+00
   1.1250000e+01   1.5000000e+00   1.0404035e+00
   1.1300000e+01   1.5000000e+00   1.0394157e+00
   1.1350000e+01   1.5000000e+00   1.0308547e+00
   1.1400000e+01   1.5000000e+00   1.0348059e+00
   1.1450000e+01   1.5000000e+00   1.0407327e+00
   1.1500000e+01   1.5000000e+00   1.0466596e+00
   1.1550000e+01   1.5000000e+00   1.0460010e+00
   1.1600000e+01   1.5000000e+00   1.0394157e+00
   1.1650000e+01   1.5000000e+00   1.0311840e+00
   1.1700000e+01   1.5000000e+00   1.0404035e+00
   1.1750000e+01   1.5000000e+00   1.0483059e+00
   1.1800000e+01   1.5000000e+00   1.0558791e+00
   1.1850000e+01   1.5000000e+00   1.0460010e+00
   1.1900000e+01   1.5000000e+00   1.0433669e+00
   1.1950000e+01   1.5000000e+00   1.0351352e+00
   1.2000000e+01   1.5000000e+00   1.0384279e+00
   1.2050000e+01   1.5000000e+00   1.0483059e+00
   1.2100000e+01   1.5000000e+00   1.0565376e+00
   1.2150000e+01   1.5000000e+00   1.0384279e+00
   1.2200000e+01   1.5000000e+00   1.0357937e+00
   1.2250000e+01   1.5000000e+00   1.0351352e+00
   1.2300000e+01   1.5000000e+00   1.0417205e+00
   1.2350000e+01   1.5000000e+00   1.0506108e+00
   1.2400000e+01   1.5000000e+00   1.0627937e+00
   1.2450000e+01   1.5000000e+00   1.0440254e+00
   1.2500000e+01   1.5000000e+00   1.0417205e+00
   1.2550000e+01   1.5000000e+00   1.0351352e+00
   1.2600000e+01   1.5000000e+00   1.0492937e+00
   1.2650000e+01   1.5000000e+00   1.0525864e+00
   1.2700000e+01   1.5000000e+00   1.0529157e+00
   1.2750000e+01   1.5000000e+00   1.0506108e+00
   1.2800000e+01   1.5000000e+00   1.0446840e+00
   1.2850000e+01   1.5000000e+00   1.0446840e+00
   1.2900000e+01   1.5000000e+00   1.0499523e+00
   1.2950000e+01   1.5000000e+00   1.0506108e+00
   1.3000000e+01   1.5000000e+00   1.0509401e+00
   1.3050000e+01   1.5000000e+00   1.0417205e+00
   1.3100000e+01   1.5000000e+00   1.0423791e+00
   1.3150000e+01   1.5000000e+00   1.0430376e+00
   1.3200000e+01   1.5000000e+00   1.0532450e+00
   1.3250000e+01   1.5000000e+00   1.0611474e+00
   1.3300000e+01   1.5000000e+00   1.0519279e+00
   1.3350000e+01   1.5000000e+00   1.0357937e+00
   1.3400000e+01   1.5000000e+00   1.0417205e+00
   1.3450000e+01   1.5000000e+00   1.0479767e+00
   1.3500000e+01   1.5000000e+00   1.0506108e+00
   1.3550000e+01   1.5000000e+00   1.0598303e+00
   1.3600000e+01   1.5000000e+00   1.0400742e+00
   1.3650000e+01   1.5000000e+00   1.0328303e+00
   1.3700000e+01   1.5000000e+00   1.0305254e+00
   1.3750000e+01   1.5000000e+00   1.0496230e+00
   1.3800000e+01   1.5000000e+00   1.0581840e+00
   1.3850000e+01   1.5000000e+00   1.0575254e+00
   1.3900000e+01   1.5000000e+00   1.0535742e+00
   1.3950000e+01   1.5000000e+00   1.0328303e+00
   1.4000000e+01   1.5000000e+00   1.0334888e+00
   1.4050000e+01   1.5000000e+00   1.0308547e+00
   1.4100000e+01   1.5000000e+00   1.0571962e+00
   1.4150000e+01   1.5000000e+00   1.0496230e+00
   1.4200000e+01   1.5000000e+00   1.0473181e+00
   1.4250000e+01   1.5000000e+00   1.0380986e+00
   1.4300000e+01   1.5000000e+00   1.0443547e+00
   1.4350000e+01   1.5000000e+00   1.0552206e+00
   1.4400000e+01   1.5000000e+00   1.0575254e+00
   1.4450000e+01   1.5000000e+00   1.0568669e+00
   1.4500000e+01   1.5000000e+00   1.0502815e+00
   1.4550000e+01   1.5000000e+00   1.0446840e+00
   1.4600000e+01   1.5000000e+00   1.0407327e+00
   1.4650000e+01   1.5000000e+00   1.0496230e+00
   1.4700000e+01   1.5000000e+00   1.0542328e+00
   1.4750000e+01   1.5000000e+00   1.0476474e+00
   1.4800000e+01   1.5000000e+00   1.0380986e+00
   1.4850000e+01   1.5000000e+00   1.0348059e+00
   1.4900000e+01   1.5000000e+00   1.0410620e+00
   1.4950000e+01   1.5000000e+00   1.0512693e+00
   1.5000000e+01  -1.5000000e+00   1.0565376e+00
   1.5050000e+01  -1.5000000e+00   5.4123220e-01
   1.5100000e+01  -1.5000000e+00   4.3707116e-02
   1.5150000e+01  -1.5000000e+00  -2.2826892e-01
   1.5200000e+01  -1.5000000e+00  -3.8500088e-01
   1.5250000e+01  -1.5000000e+00  -5.6214751e-01
   1.5300000e+01  -1.5000000e+00  -6.5401352e-01
   1.5350000e+01  -1.5000000e+00  -7.3962341e-01
   1.5400000e+01  -1.5000000e+00  -7.9823327e-01
   1.5450000e+01  -1.5000000e+00  -8.4070895e-01
   1.5500000e+01  -1.5000000e+00  -8.8285536e-01
   1.5550000e+01  -1.5000000e+00  -9.1907493e-01
   1.5600000e+01  -1.5000000e+00  -9.4706278e-01
   1.5650000e+01  -1.5000000e+00  -9.7834332e-01
   1.5700000e+01  -1.5000000e+00  -9.8163601e-01
   1.5750000e+01  -1.5000000e+00  -9.8427016e-01
   1.5800000e+01  -1.5000000e+00  -9.9678238e-01
   1.5850000e+01  -1.5000000e+00  -1.0142336e+00
   1.5900000e+01  -1.5000000e+00  -1.0257580e+00
   1.5950000e+01  -1.5000000e+00  -1.0297093e+00
   1.6000000e+01  -1.5000000e+00  -1.0290507e+00
   1.6050000e+01  -1.5000000e+00  -1.0277336e+00
   1.6100000e+01  -1.5000000e+00  -1.0283922e+00
   1.6150000e+01  -1.5000000e+00  -1.0333312e+00
   1.6200000e+01  -1.5000000e+00  -1.0448556e+00
   1.6250000e+01  -1.5000000e+00  -1.0576971e+00
   1.6300000e+01  -1.5000000e+00  -1.0409044e+00
   1.6350000e+01  -1.5000000e+00  -1.0336605e+00
   1.6400000e+01  -1.5000000e+00  -1.0336605e+00
   1.6450000e+01  -1.5000000e+00  -1.0330019e+00
   1.6500000e+01  -1.5000000e+00  -1.0474898e+00
   1.6550000e+01  -1.5000000e+00  -1.0474898e+00
   1.6600000e+01  -1.5000000e+00  -1.0468312e+00
   1.6650000e+01  -1.5000000e+00  -1.0287215e+00
   1.6700000e+01  -1.5000000e+00  -1.0277336e+00
   1.6750000e+01  -1.5000000e+00  -1.0346483e+00
   1.6800000e+01  -1.5000000e+00  -1.0432093e+00
   1.6850000e+01  -1.5000000e+00  -1.0547337e+00
   1.6900000e+01  -1.5000000e+00  -1.0471605e+00
   1.6950000e+01  -1.5000000e+00  -1.0409044e+00
   1.7000000e+01  -1.5000000e+00  -1.0385995e+00
   1.7050000e+01  -1.5000000e+00  -1.0432093e+00
   1.7100000e+01  -1.5000000e+00  -1.0550630e+00
   1.7150000e+01  -1.5000000e+00  -1.0497947e+00
   1.7200000e+01  -1.5000000e+00  -1.0461727e+00
   1.7250000e+01  -1.5000000e+00  -1.0362946e+00
   1.7300000e+01  -1.5000000e+00  -1.0409044e+00
   1.7350000e+01  -1.5000000e+00  -1.0435386e+00
   1.7400000e+01  -1.5000000e+00  -1.0534166e+00
   1.7450000e+01  -1.5000000e+00  -1.0432093e+00
   1.7500000e+01  -1.5000000e+00  -1.0395873e+00
   1.7550000e+01  -1.5000000e+00  -1.0389288e+00
   1.7600000e+01  -1.5000000e+00  -1.0455142e+00
   1.7650000e+01  -1.5000000e+00  -1.0491361e+00
   1.7700000e+01  -1.5000000e+00  -1.0481483e+00
   1.7750000e+01  -1.5000000e+00  -1.0438678e+00
   1.7800000e+01  -1.5000000e+00  -1.0385995e+00
   1.7850000e+01  -1.5000000e+00  -1.0385995e+00
   1.7900000e+01  -1.5000000e+00  -1.0514410e+00
   1.7950000e+01  -1.5000000e+00  -1.0540752e+00
   1.8000000e+01  -1.5000000e+00  -1.0662581e+00
   1.8050000e+01  -1.5000000e+00  -1.0504532e+00
   1.8100000e+01  -1.5000000e+00  -1.0349776e+00
   1.8150000e+01  -1.5000000e+00  -1.0326727e+00
   1.8200000e+01  -1.5000000e+00  -1.0468312e+00
   1.8250000e+01  -1.5000000e+00  -1.0583556e+00
   1.8300000e+01  -1.5000000e+00  -1.0537459e+00
   1.8350000e+01  -1.5000000e+00  -1.0435386e+00
   1.8400000e+01  -1.5000000e+00  -1.0323434e+00
   1.8450000e+01  -1.5000000e+00  -1.0287215e+00
   1.8500000e+01  -1.5000000e+00  -1.0418922e+00
   1.8550000e+01  -1.5000000e+00  -1.0514410e+00
   1.8600000e+01  -1.5000000e+00  -1.0527581e+00
   1.8650000e+01  -1.5000000e+00  -1.0455142e+00
   1.8700000e+01  -1.5000000e+00  -1.0405751e+00
   1.8750000e+01  -1.5000000e+00  -1.0412337e+00
   1.8800000e+01  -1.5000000e+00  -1.0537459e+00
   1.8850000e+01  -1.5000000e+00  -1.0580264e+00
   1.8900000e+01  -1.5000000e+00  -1.0517703e+00
   1.8950000e+01  -1.5000000e+00  -1.0461727e+00
   1.9000000e+01  -1.5000000e+00  -1.0418922e+00
   1.9050000e+01  -1.5000000e+00  -1.0441971e+00
   1.9100000e+01  -1.5000000e+00  -1.0507825e+00
   1.9150000e+01  -1.5000000e+00  -1.0557215e+00
   1.9200000e+01  -1.5000000e+00  -1.0448556e+00
   1.9250000e+01  -1.5000000e+00  -1.0362946e+00
   1.9300000e+01  -1.5000000e+00  -1.0369532e+00
   1.9350000e+01  -1.5000000e+00  -1.0471605e+00
   1.9400000e+01  -1.5000000e+00  -1.0527581e+00
   1.9450000e+01  -1.5000000e+00  -1.0540752e+00
   1.9500000e+01  -1.5000000e+00  -1.0461727e+00
   1.9550000e+01  -1.5000000e+00  -1.0343190e+00
   1.9600000e+01  -1.5000000e+00  -1.0346483e+00
   1.9650000e+01  -1.5000000e+00  -1.0491361e+00
   1.9700000e+01  -1.5000000e+00  -1.0636239e+00
   1.9750000e+01  -1.5000000e+00  -1.0688922e+00
   1.9800000e+01  -1.5000000e+00  -1.0415629e+00
   1.9850000e+01  -1.5000000e+00  -1.0395873e+00
   1.9900000e+01  -1.5000000e+00  -1.0448556e+00
   1.9950000e+01  -1.5000000e+00  -1.0481483e+00
   2.0000000e+01   0.0000000e+00   0.0000000e+00
