   0.0000000e+00   3.5000000e+00  -2.0612463e-03
   5.0000000e-02   3.5000000e+00   3.2841246e-02
   1.0000000e-01   3.5000000e+00   1.3886579e-01
   1.5000000e-01   3.5000000e+00   4.5463453e-01
   2.0000000e-01   3.5000000e+00   7.6118368e-01
   2.5000000e-01   3.5000000e+00   1.0120864e+00
   3.0000000e-01   3.5000000e+00   1.2544280e+00
   3.5000000e-01   3.5000000e+00   1.5382575e+00
   4.0000000e-01   3.5000000e+00   1.8313063e+00
   4.5000000e-01   3.5000000e+00   2.1431233e+00
   5.0000000e-01   3.5000000e+00   2.3643915e+00
   5.5000000e-01   3.5000000e+00   2.5267206e+00
   6.0000000e-01   3.5000000e+00   2.7035375e+00
   6.5000000e-01   3.5000000e+00   2.8191105e+00
   7.0000000e-01   3.5000000e+00   2.9458786e+00
   7.5000000e-01   3.5000000e+00   3.0443297e+00
   8.0000000e-01   3.5000000e+00   3.1049149e+00
   8.5000000e-01   3.5000000e+00   3.1674758e+00
   9.0000000e-01   3.5000000e+00   3.2148903e+00
   9.5000000e-01   3.5000000e+00   3.2679024e+00
   1.0000000e+00   3.5000000e+00   3.2942438e+00
   1.0500000e+00   3.5000000e+00   3.3327681e+00
   1.1000000e+00   3.5000000e+00   3.3627314e+00
   1.1500000e+00   3.5000000e+00   3.3821582e+00
   1.2000000e+00   3.5000000e+00   3.4025728e+00
   1.2500000e+00   3.5000000e+00   3.4187069e+00
   1.3000000e+00   3.5000000e+00   3.4354995e+00
   1.3500000e+00   3.5000000e+00   3.4378044e+00
   1.4000000e+00   3.5000000e+00   3.4529507e+00
   1.4500000e+00   3.5000000e+00   3.4555848e+00
   1.5000000e+00   3.5000000e+00   3.4578897e+00
   1.5500000e+00   3.5000000e+00   3.4704019e+00
   1.6000000e+00   3.5000000e+00   3.4680970e+00
   1.6500000e+00   3.5000000e+00   3.4690848e+00
   1.7000000e+00   3.5000000e+00   3.4796214e+00
   1.7500000e+00   3.5000000e+00   3.4812677e+00
   1.8000000e+00   3.5000000e+00   3.4835726e+00
   1.8500000e+00   3.5000000e+00   3.4855482e+00
   1.9000000e+00   3.5000000e+00   3.4848896e+00
   1.9500000e+00   3.5000000e+00   3.4848896e+00
   2.0000000e+00   3.5000000e+00   3.4990481e+00
   2.0500000e+00   3.5000000e+00   3.4812677e+00
   2.1000000e+00   3.5000000e+00   3.4888408e+00
   2.1500000e+00   3.5000000e+00   3.4901579e+00
   2.2000000e+00   3.5000000e+00   3.4865360e+00
   2.2500000e+00   3.5000000e+00   3.4950969e+00
   2.3000000e+00   3.5000000e+00   3.4911457e+00
   2.3500000e+00   3.5000000e+00   3.4960847e+00
   2.4000000e+00   3.5000000e+00   3.4904872e+00
   2.4500000e+00   3.5000000e+00   3.4921335e+00
   2.5000000e+00   3.5000000e+00   3.4848896e+00
   2.5500000e+00   3.5000000e+00   3.4954262e+00
   2.6000000e+00   3.5000000e+00   3.4974018e+00
   2.6500000e+00   3.5000000e+00   3.4944384e+00
   2.7000000e+00   3.5000000e+00   3.4977311e+00
   2.7500000e+00   3.5000000e+00   3.5013530e+00
   2.8000000e+00   3.5000000e+00   3.4960847e+00
   2.8500000e+00   3.5000000e+00   3.4894994e+00
   2.9000000e+00   3.5000000e+00   3.4934506e+00
   2.9500000e+00   3.5000000e+00   3.5059628e+00
   3.0000000e+00   3.5000000e+00   3.4937799e+00
   3.0500000e+00   3.5000000e+00   3.4931213e+00
   3.1000000e+00   3.5000000e+00   3.4977311e+00
   3.1500000e+00   3.5000000e+00   3.4974018e+00
   3.2000000e+00   3.5000000e+00   3.5020115e+00
   3.2500000e+00   3.5000000e+00   3.4950969e+00
   3.3000000e+00   3.5000000e+00   3.5056335e+00
   3.3500000e+00   3.5000000e+00   3.4970725e+00
   3.4000000e+00   3.5000000e+00   3.4914750e+00
   3.4500000e+00   3.5000000e+00   3.4950969e+00
   3.5000000e+00   3.5000000e+00   3.5000359e+00
   3.5500000e+00   3.5000000e+00   3.5010237e+00
   3.6000000e+00   3.5000000e+00   3.4937799e+00
   3.6500000e+00   3.5000000e+00   3.4950969e+00
   3.7000000e+00   3.5000000e+00   3.5069506e+00
   3.7500000e+00   3.5000000e+00   3.4957555e+00
   3.8000000e+00   3.5000000e+00   3.4993774e+00
   3.8500000e+00   3.5000000e+00   3.4970725e+00
   3.9000000e+00   3.5000000e+00   3.5029993e+00
   3.9500000e+00   3.5000000e+00   3.4911457e+00
   4.0000000e+00   3.5000000e+00   3.4954262e+00
   4.0500000e+00   3.5000000e+00   3.4970725e+00
   4.1000000e+00   3.5000000e+00   3.5039871e+00
   4.1500000e+00   3.5000000e+00   3.4974018e+00
   4.2000000e+00   3.5000000e+00   3.4927921e+00
   4.2500000e+00   3.5000000e+00   3.5072798e+00
   4.3000000e+00   3.5000000e+00   3.5010237e+00
   4.3500000e+00   3.5000000e+00   3.5003652e+00
   4.4000000e+00   3.5000000e+00   3.4974018e+00
   4.4500000e+00   3.5000000e+00   3.5029993e+00
   4.5000000e+00   3.5000000e+00   3.4990481e+00
   4.5500000e+00   3.5000000e+00   3.5006945e+00
   4.6000000e+00   3.5000000e+00   3.5043164e+00
   4.6500000e+00   3.5000000e+00   3.4967433e+00
   4.7000000e+00   3.5000000e+00   3.5056335e+00
   4.7500000e+00   3.5000000e+00   3.4960847e+00
   4.8000000e+00   3.5000000e+00   3.4918043e+00
   4.8500000e+00   3.5000000e+00   3.5043164e+00
   4.9000000e+00   3.5000000e+00   3.5010237e+00
   4.9500000e+00   3.5000000e+00   3.4990481e+00
   5.0000000e+00  -3.5000000e+00   3.5000359e+00
   5.0500000e+00  -3.5000000e+00   2.9396225e+00
   5.1000000e+00  -3.5000000e+00   2.2642940e+00
   5.1500000e+00  -3.5000000e+00   1.8234039e+00
   5.2000000e+00  -3.5000000e+00   1.1484036e+00
   5.2500000e+00  -3.5000000e+00   7.0224459e-01
   5.3000000e+00  -3.5000000e+00   6.9060813e-02
   5.3500000e+00  -3.5000000e+00  -3.3956178e-01
   5.4000000e+00  -3.5000000e+00  -7.8539178e-01
   5.4500000e+00  -3.5000000e+00  -1.2124535e+00
   5.5000000e+00  -3.5000000e+00  -1.6131736e+00
   5.5500000e+00  -3.5000000e+00  -1.9108325e+00
   5.6000000e+00  -3.5000000e+00  -2.3131989e+00
   5.6500000e+00  -3.5000000e+00  -2.4340404e+00
   5.7000000e+00  -3.5000000e+00  -2.5634430e+00
   5.7500000e+00  -3.5000000e+00  -2.7165529e+00
   5.8000000e+00  -3.5000000e+00  -2.8624188e+00
   5.8500000e+00  -3.5000000e+00  -2.9546140e+00
   5.9000000e+00  -3.5000000e+00  -3.0524067e+00
   5.9500000e+00  -3.5000000e+00  -3.1041018e+00
   6.0000000e+00  -3.5000000e+00  -3.1683092e+00
   6.0500000e+00  -3.5000000e+00  -3.2292238e+00
   6.1000000e+00  -3.5000000e+00  -3.2581994e+00
   6.1500000e+00  -3.5000000e+00  -3.3049555e+00
   6.2000000e+00  -3.5000000e+00  -3.3233945e+00
   6.2500000e+00  -3.5000000e+00  -3.3536872e+00
   6.3000000e+00  -3.5000000e+00  -3.3724555e+00
   6.3500000e+00  -3.5000000e+00  -3.3879311e+00
   6.4000000e+00  -3.5000000e+00  -3.4083458e+00
   6.4500000e+00  -3.5000000e+00  -3.4201994e+00
   6.5000000e+00  -3.5000000e+00  -3.4257970e+00
   6.5500000e+00  -3.5000000e+00  -3.4284311e+00
   6.6000000e+00  -3.5000000e+00  -3.4406140e+00
   6.6500000e+00  -3.5000000e+00  -3.4488458e+00
   6.7000000e+00  -3.5000000e+00  -3.4606994e+00
   6.7500000e+00  -3.5000000e+00  -3.4662970e+00
   6.8000000e+00  -3.5000000e+00  -3.4583945e+00
   6.8500000e+00  -3.5000000e+00  -3.4666262e+00
   6.9000000e+00  -3.5000000e+00  -3.4695897e+00
   6.9500000e+00  -3.5000000e+00  -3.4705775e+00
   7.0000000e+00  -3.5000000e+00  -3.4669555e+00
   7.0500000e+00  -3.5000000e+00  -3.4656384e+00
   7.1000000e+00  -3.5000000e+00  -3.4718945e+00
   7.1500000e+00  -3.5000000e+00  -3.4672848e+00
   7.2000000e+00  -3.5000000e+00  -3.4689311e+00
   7.2500000e+00  -3.5000000e+00  -3.4745287e+00
   7.3000000e+00  -3.5000000e+00  -3.4781506e+00
   7.3500000e+00  -3.5000000e+00  -3.4692604e+00
   7.4000000e+00  -3.5000000e+00  -3.4830896e+00
   7.4500000e+00  -3.5000000e+00  -3.4738701e+00
   7.5000000e+00  -3.5000000e+00  -3.4804555e+00
   7.5500000e+00  -3.5000000e+00  -3.4771628e+00
   7.6000000e+00  -3.5000000e+00  -3.4784799e+00
   7.6500000e+00  -3.5000000e+00  -3.4853945e+00
   7.7000000e+00  -3.5000000e+00  -3.4709067e+00
   7.7500000e+00  -3.5000000e+00  -3.4732116e+00
   7.8000000e+00  -3.5000000e+00  -3.4791384e+00
   7.8500000e+00  -3.5000000e+00  -3.4728823e+00
   7.9000000e+00  -3.5000000e+00  -3.4778214e+00
   7.9500000e+00  -3.5000000e+00  -3.4774921e+00
   8.0000000e+00  -3.5000000e+00  -3.4794677e+00
   8.0500000e+00  -3.5000000e+00  -3.4821018e+00
   8.1000000e+00  -3.5000000e+00  -3.4768336e+00
   8.1500000e+00  -3.5000000e+00  -3.4797970e+00
   8.2000000e+00  -3.5000000e+00  -3.4751872e+00
   8.2500000e+00  -3.5000000e+00  -3.4906628e+00
   8.3000000e+00  -3.5000000e+00  -3.4771628e+00
   8.3500000e+00  -3.5000000e+00  -3.4834189e+00
   8.4000000e+00  -3.5000000e+00  -3.4709067e+00
   8.4500000e+00  -3.5000000e+00  -3.4850653e+00
   8.5000000e+00  -3.5000000e+00  -3.4824311e+00
   8.5500000e+00  -3.5000000e+00  -3.4876994e+00
   8.6000000e+00  -3.5000000e+00  -3.4788092e+00
   8.6500000e+00  -3.5000000e+00  -3.4811140e+00
   8.7000000e+00  -3.5000000e+00  -3.4830896e+00
   8.7500000e+00  -3.5000000e+00  -3.4804555e+00
   8.8000000e+00  -3.5000000e+00  -3.4768336e+00
   8.8500000e+00  -3.5000000e+00  -3.4768336e+00
   8.9000000e+00  -3.5000000e+00  -3.4761750e+00
   8.9500000e+00  -3.5000000e+00  -3.4847360e+00
   9.0000000e+00  -3.5000000e+00  -3.4801262e+00
   9.0500000e+00  -3.5000000e+00  -3.4876994e+00
   9.1000000e+00  -3.5000000e+00  -3.4814433e+00
   9.1500000e+00  -3.5000000e+00  -3.4801262e+00
   9.2000000e+00  -3.5000000e+00  -3.4755165e+00
   9.2500000e+00  -3.5000000e+00  -3.4837482e+00
   9.3000000e+00  -3.5000000e+00  -3.4840775e+00
   9.3500000e+00  -3.5000000e+00  -3.4794677e+00
   9.4000000e+00  -3.5000000e+00  -3.4791384e+00
   9.4500000e+00  -3.5000000e+00  -3.4817726e+00
   9.5000000e+00  -3.5000000e+00  -3.4804555e+00
   9.5500000e+00  -3.5000000e+00  -3.4837482e+00
   9.6000000e+00  -3.5000000e+00  -3.4781506e+00
   9.6500000e+00  -3.5000000e+00  -3.4771628e+00
   9.7000000e+00  -3.5000000e+00  -3.4817726e+00
   9.7500000e+00  -3.5000000e+00  -3.4817726e+00
   9.8000000e+00  -3.5000000e+00  -3.4919799e+00
   9.8500000e+00  -3.5000000e+00  -3.4666262e+00
   9.9000000e+00  -3.5000000e+00  -3.4827604e+00
   9.9500000e+00  -3.5000000e+00  -3.4765043e+00
   1.0000000e+01   3.5000000e+00  -3.4896750e+00
   1.0050000e+01   3.5000000e+00  -3.1245165e+00
   1.0100000e+01   3.5000000e+00  -2.7000894e+00
   1.0150000e+01   3.5000000e+00  -2.2618330e+00
   1.0200000e+01   3.5000000e+00  -1.7534421e+00
   1.0250000e+01   3.5000000e+00  -1.4179172e+00
   1.0300000e+01   3.5000000e+00  -9.9744091e-01
   1.0350000e+01   3.5000000e+00  -5.0617181e-01
   1.0400000e+01   3.5000000e+00  -1.1137849e-01
   1.0450000e+01   3.5000000e+00   2.4521961e-01
   1.0500000e+01   3.5000000e+00   4.9974434e-01
   1.0550000e+01   3.5000000e+00   8.5568378e-01
   1.0600000e+01   3.5000000e+00   1.1444523e+00
   1.0650000e+01   3.5000000e+00   1.3923915e+00
   1.0700000e+01   3.5000000e+00   1.6617331e+00
   1.0750000e+01   3.5000000e+00   1.9290990e+00
   1.0800000e+01   3.5000000e+00   2.1944892e+00
   1.0850000e+01   3.5000000e+00   2.4440744e+00
   1.0900000e+01   3.5000000e+00   2.5879645e+00
   1.0950000e+01   3.5000000e+00   2.7417326e+00
   1.1000000e+01   3.5000000e+00   2.8638909e+00
   1.1050000e+01   3.5000000e+00   2.9959273e+00
   1.1100000e+01   3.5000000e+00   3.0716589e+00
   1.1150000e+01   3.5000000e+00   3.1424514e+00
   1.1200000e+01   3.5000000e+00   3.2010611e+00
   1.1250000e+01   3.5000000e+00   3.2540731e+00
   1.1300000e+01   3.5000000e+00   3.2906218e+00
   1.1350000e+01   3.5000000e+00   3.3232193e+00
   1.1400000e+01   3.5000000e+00   3.3475851e+00
   1.1450000e+01   3.5000000e+00   3.3633900e+00
   1.1500000e+01   3.5000000e+00   3.3989508e+00
   1.1550000e+01   3.5000000e+00   3.4164020e+00
   1.1600000e+01   3.5000000e+00   3.4354995e+00
   1.1650000e+01   3.5000000e+00   3.4345117e+00
   1.1700000e+01   3.5000000e+00   3.4476824e+00
   1.1750000e+01   3.5000000e+00   3.4552556e+00
   1.1800000e+01   3.5000000e+00   3.4671092e+00
   1.1850000e+01   3.5000000e+00   3.4763287e+00
   1.1900000e+01   3.5000000e+00   3.4727067e+00
   1.1950000e+01   3.5000000e+00   3.4825848e+00
   1.2000000e+01   3.5000000e+00   3.4750116e+00
   1.2050000e+01   3.5000000e+00   3.4885116e+00
   1.2100000e+01   3.5000000e+00   3.4934506e+00
   1.2150000e+01   3.5000000e+00   3.4855482e+00
   1.2200000e+01   3.5000000e+00   3.4980603e+00
   1.2250000e+01   3.5000000e+00   3.4901579e+00
   1.2300000e+01   3.5000000e+00   3.4957555e+00
   1.2350000e+01   3.5000000e+00   3.4908165e+00
   1.2400000e+01   3.5000000e+00   3.4997067e+00
   1.2450000e+01   3.5000000e+00   3.5010237e+00
   1.2500000e+01   3.5000000e+00   3.4908165e+00
   1.2550000e+01   3.5000000e+00   3.5049749e+00
   1.2600000e+01   3.5000000e+00   3.5010237e+00
   1.2650000e+01   3.5000000e+00   3.4993774e+00
   1.2700000e+01   3.5000000e+00   3.4997067e+00
   1.2750000e+01   3.5000000e+00   3.5036579e+00
   1.2800000e+01   3.5000000e+00   3.5026701e+00
   1.2850000e+01   3.5000000e+00   3.5013530e+00
   1.2900000e+01   3.5000000e+00   3.4997067e+00
   1.2950000e+01   3.5000000e+00   3.5043164e+00
   1.3000000e+01   3.5000000e+00   3.4980603e+00
   1.3050000e+01   3.5000000e+00   3.5003652e+00
   1.3100000e+01   3.5000000e+00   3.4997067e+00
   1.3150000e+01   3.5000000e+00   3.5102432e+00
   1.3200000e+01   3.5000000e+00   3.5046457e+00
   1.3250000e+01   3.5000000e+00   3.5033286e+00
   1.3300000e+01   3.5000000e+00   3.4983896e+00
   1.3350000e+01   3.5000000e+00   3.5049749e+00
   1.3400000e+01   3.5000000e+00   3.5092554e+00
   1.3450000e+01   3.5000000e+00   3.5033286e+00
   1.3500000e+01   3.5000000e+00   3.5003652e+00
   1.3550000e+01   3.5000000e+00   3.4997067e+00
   1.3600000e+01   3.5000000e+00   3.4990481e+00
   1.3650000e+01   3.5000000e+00   3.5033286e+00
   1.3700000e+01   3.5000000e+00   3.5029993e+00
   1.3750000e+01   3.5000000e+00   3.5105725e+00
   1.3800000e+01   3.5000000e+00   3.5053042e+00
   1.3850000e+01   3.5000000e+00   3.5062920e+00
   1.3900000e+01   3.5000000e+00   3.4970725e+00
   1.3950000e+01   3.5000000e+00   3.5006945e+00
   1.4000000e+01   3.5000000e+00   3.5046457e+00
   1.4050000e+01   3.5000000e+00   3.5026701e+00
   1.4100000e+01   3.5000000e+00   3.5053042e+00
   1.4150000e+01   3.5000000e+00   3.4964140e+00
   1.4200000e+01   3.5000000e+00   3.5072798e+00
   1.4250000e+01   3.5000000e+00   3.5059628e+00
   1.4300000e+01   3.5000000e+00   3.5016823e+00
   1.4350000e+01   3.5000000e+00   3.4987189e+00
   1.4400000e+01   3.5000000e+00   3.4964140e+00
   1.4450000e+01   3.5000000e+00   3.5039871e+00
   1.4500000e+01   3.5000000e+00   3.5069506e+00
   1.4550000e+01   3.5000000e+00   3.5026701e+00
   1.4600000e+01   3.5000000e+00   3.5026701e+00
   1.4650000e+01   3.5000000e+00   3.4997067e+00
   1.4700000e+01   3.5000000e+00   3.5069506e+00
   1.4750000e+01   3.5000000e+00   3.4990481e+00
   1.4800000e+01   3.5000000e+00   3.5026701e+00
   1.4850000e+01   3.5000000e+00   3.4980603e+00
   1.4900000e+01   3.5000000e+00   3.4970725e+00
   1.4950000e+01   3.5000000e+00   3.4997067e+00
   1.5000000e+01  -3.5000000e+00   3.5020115e+00
   1.5050000e+01  -3.5000000e+00   2.9564152e+00
   1.5100000e+01  -3.5000000e+00   2.3749281e+00
   1.5150000e+01  -3.5000000e+00   1.8214283e+00
   1.5200000e+01  -3.5000000e+00   1.2899890e+00
   1.5250000e+01  -3.5000000e+00   7.1409826e-01
   1.5300000e+01  -3.5000000e+00   5.9512018e-02
   1.5350000e+01  -3.5000000e+00  -3.3890324e-01
   1.5400000e+01  -3.5000000e+00  -7.9000155e-01
   1.5450000e+01  -3.5000000e+00  -1.3171609e+00
   1.5500000e+01  -3.5000000e+00  -1.6391858e+00
   1.5550000e+01  -3.5000000e+00  -1.9078691e+00
   1.5600000e+01  -3.5000000e+00  -2.1778694e+00
   1.5650000e+01  -3.5000000e+00  -2.3862965e+00
   1.5700000e+01  -3.5000000e+00  -2.6006503e+00
   1.5750000e+01  -3.5000000e+00  -2.7234675e+00
   1.5800000e+01  -3.5000000e+00  -2.8452969e+00
   1.5850000e+01  -3.5000000e+00  -2.9523091e+00
   1.5900000e+01  -3.5000000e+00  -3.0566872e+00
   1.5950000e+01  -3.5000000e+00  -3.1156262e+00
   1.6000000e+01  -3.5000000e+00  -3.1837848e+00
   1.6050000e+01  -3.5000000e+00  -3.2223092e+00
   1.6100000e+01  -3.5000000e+00  -3.2578702e+00
   1.6150000e+01  -3.5000000e+00  -3.3019921e+00
   1.6200000e+01  -3.5000000e+00  -3.3187848e+00
   1.6250000e+01  -3.5000000e+00  -3.3536872e+00
   1.6300000e+01  -3.5000000e+00  -3.3770653e+00
   1.6350000e+01  -3.5000000e+00  -3.3928702e+00
   1.6400000e+01  -3.5000000e+00  -3.4060409e+00
   1.6450000e+01  -3.5000000e+00  -3.4152604e+00
   1.6500000e+01  -3.5000000e+00  -3.4435775e+00
   1.6550000e+01  -3.5000000e+00  -3.4445653e+00
   1.6600000e+01  -3.5000000e+00  -3.4406140e+00
   1.6650000e+01  -3.5000000e+00  -3.4471994e+00
   1.6700000e+01  -3.5000000e+00  -3.4567482e+00
   1.6750000e+01  -3.5000000e+00  -3.4656384e+00
   1.6800000e+01  -3.5000000e+00  -3.4666262e+00
   1.6850000e+01  -3.5000000e+00  -3.4722238e+00
   1.6900000e+01  -3.5000000e+00  -3.4682726e+00
   1.6950000e+01  -3.5000000e+00  -3.4662970e+00
   1.7000000e+01  -3.5000000e+00  -3.4840775e+00
   1.7050000e+01  -3.5000000e+00  -3.4695897e+00
   1.7100000e+01  -3.5000000e+00  -3.4784799e+00
   1.7150000e+01  -3.5000000e+00  -3.4662970e+00
   1.7200000e+01  -3.5000000e+00  -3.4741994e+00
   1.7250000e+01  -3.5000000e+00  -3.4686018e+00
   1.7300000e+01  -3.5000000e+00  -3.4844067e+00
   1.7350000e+01  -3.5000000e+00  -3.4788092e+00
   1.7400000e+01  -3.5000000e+00  -3.4804555e+00
   1.7450000e+01  -3.5000000e+00  -3.4850653e+00
   1.7500000e+01  -3.5000000e+00  -3.4718945e+00
   1.7550000e+01  -3.5000000e+00  -3.4794677e+00
   1.7600000e+01  -3.5000000e+00  -3.4689311e+00
   1.7650000e+01  -3.5000000e+00  -3.4666262e+00
   1.7700000e+01  -3.5000000e+00  -3.4811140e+00
   1.7750000e+01  -3.5000000e+00  -3.4824311e+00
   1.7800000e+01  -3.5000000e+00  -3.4860531e+00
   1.7850000e+01  -3.5000000e+00  -3.4791384e+00
   1.7900000e+01  -3.5000000e+00  -3.4814433e+00
   1.7950000e+01  -3.5000000e+00  -3.4801262e+00
   1.8000000e+01  -3.5000000e+00  -3.4682726e+00
   1.8050000e+01  -3.5000000e+00  -3.4814433e+00
   1.8100000e+01  -3.5000000e+00  -3.4718945e+00
   1.8150000e+01  -3.5000000e+00  -3.4883579e+00
   1.8200000e+01  -3.5000000e+00  -3.4801262e+00
   1.8250000e+01  -3.5000000e+00  -3.4844067e+00
   1.8300000e+01  -3.5000000e+00  -3.4850653e+00
   1.8350000e+01  -3.5000000e+00  -3.4850653e+00
   1.8400000e+01  -3.5000000e+00  -3.4844067e+00
   1.8450000e+01  -3.5000000e+00  -3.4801262e+00
   1.8500000e+01  -3.5000000e+00  -3.4860531e+00
   1.8550000e+01  -3.5000000e+00  -3.4853945e+00
   1.8600000e+01  -3.5000000e+00  -3.4718945e+00
   1.8650000e+01  -3.5000000e+00  -3.4860531e+00
   1.8700000e+01  -3.5000000e+00  -3.4794677e+00
   1.8750000e+01  -3.5000000e+00  -3.4814433e+00
   1.8800000e+01  -3.5000000e+00  -3.4692604e+00
   1.8850000e+01  -3.5000000e+00  -3.4821018e+00
   1.8900000e+01  -3.5000000e+00  -3.4788092e+00
   1.8950000e+01  -3.5000000e+00  -3.4903335e+00
   1.9000000e+01  -3.5000000e+00  -3.4863823e+00
   1.9050000e+01  -3.5000000e+00  -3.4853945e+00
   1.9100000e+01  -3.5000000e+00  -3.4834189e+00
   1.9150000e+01  -3.5000000e+00  -3.4715653e+00
   1.9200000e+01  -3.5000000e+00  -3.4863823e+00
   1.9250000e+01  -3.5000000e+00  -3.4794677e+00
   1.9300000e+01  -3.5000000e+00  -3.4890165e+00
   1.9350000e+01  -3.5000000e+00  -3.4840775e+00
   1.9400000e+01  -3.5000000e+00  -3.4817726e+00
   1.9450000e+01  -3.5000000e+00  -3.4807848e+00
   1.9500000e+01  -3.5000000e+00  -3.4751872e+00
   1.9550000e+01  -3.5000000e+00  -3.4745287e+00
   1.9600000e+01  -3.5000000e+00  -3.4844067e+00
   1.9650000e+01  -3.5000000e+00  -3.4817726e+00
   1.9700000e+01  -3.5000000e+00  -3.4857238e+00
   1.9750000e+01  -3.5000000e+00  -3.4817726e+00
   1.9800000e+01  -3.5000000e+00  -3.4837482e+00
   1.9850000e+01  -3.5000000e+00  -3.4811140e+00
   1.9900000e+01  -3.5000000e+00  -3.4768336e+00
   1.9950000e+01  -3.5000000e+00  -3.4850653e+00
   2.0000000e+01   0.0000000e+00   0.0000000e+00
