   0.0000000e+00   3.5000000e+00   2.7499643e+00
   5.0000000e-02   3.5000000e+00   2.7585252e+00
   1.0000000e-01   3.5000000e+00   2.7581960e+00
   1.5000000e-01   3.5000000e+00   2.7473301e+00
   2.0000000e-01   3.5000000e+00   2.7499643e+00
   2.5000000e-01   3.5000000e+00   2.7545740e+00
   3.0000000e-01   3.5000000e+00   2.7473301e+00
   3.5000000e-01   3.5000000e+00   2.7525984e+00
   4.0000000e-01   3.5000000e+00   2.7549033e+00
   4.5000000e-01   3.5000000e+00   2.7614887e+00
   5.0000000e-01   3.5000000e+00   2.7470009e+00
   5.5000000e-01   3.5000000e+00   2.7549033e+00
   6.0000000e-01   3.5000000e+00   2.7506228e+00
   6.5000000e-01   3.5000000e+00   2.7572082e+00
   7.0000000e-01   3.5000000e+00   2.7479887e+00
   7.5000000e-01   3.5000000e+00   2.7621472e+00
   8.0000000e-01   3.5000000e+00   2.7555618e+00
   8.5000000e-01   3.5000000e+00   2.7601716e+00
   9.0000000e-01   3.5000000e+00   2.7545740e+00
   9.5000000e-01   3.5000000e+00   2.7519399e+00
   1.0000000e+00   3.5000000e+00   2.7581960e+00
   1.0500000e+00   3.5000000e+00   2.7433789e+00
   1.1000000e+00   3.5000000e+00   2.7621472e+00
   1.1500000e+00   3.5000000e+00   2.7496350e+00
   1.2000000e+00   3.5000000e+00   2.7496350e+00
   1.2500000e+00   3.5000000e+00   2.7489765e+00
   1.3000000e+00   3.5000000e+00   2.7522692e+00
   1.3500000e+00   3.5000000e+00   2.7545740e+00
   1.4000000e+00   3.5000000e+00   2.7516106e+00
   1.4500000e+00   3.5000000e+00   2.7525984e+00
   1.5000000e+00   3.5000000e+00   2.7499643e+00
   1.5500000e+00   3.5000000e+00   2.7568789e+00
   1.6000000e+00   3.5000000e+00   2.7506228e+00
   1.6500000e+00   3.5000000e+00   2.7545740e+00
   1.7000000e+00   3.5000000e+00   2.7542448e+00
   1.7500000e+00   3.5000000e+00   2.7654399e+00
   1.8000000e+00   3.5000000e+00   2.7506228e+00
   1.8500000e+00   3.5000000e+00   2.7568789e+00
   1.9000000e+00   3.5000000e+00   2.7529277e+00
   1.9500000e+00   3.5000000e+00   2.7532570e+00
   2.0000000e+00   3.5000000e+00   2.7555618e+00
   2.0500000e+00   3.5000000e+00   2.7509521e+00
   2.1000000e+00   3.5000000e+00   2.7572082e+00
   2.1500000e+00   3.5000000e+00   2.7453545e+00
   2.2000000e+00   3.5000000e+00   2.7647813e+00
   2.2500000e+00   3.5000000e+00   2.7502935e+00
   2.3000000e+00   3.5000000e+00   2.7565496e+00
   2.3500000e+00   3.5000000e+00   2.7466716e+00
   2.4000000e+00   3.5000000e+00   2.7535862e+00
   2.4500000e+00   3.5000000e+00   2.7529277e+00
   2.5000000e+00   3.5000000e+00   2.7525984e+00
   2.5500000e+00   3.5000000e+00   2.7558911e+00
   2.6000000e+00   3.5000000e+00   2.7542448e+00
   2.6500000e+00   3.5000000e+00   2.7476594e+00
   2.7000000e+00   3.5000000e+00   2.7552326e+00
   2.7500000e+00   3.5000000e+00   2.7529277e+00
   2.8000000e+00   3.5000000e+00   2.7506228e+00
   2.8500000e+00   3.5000000e+00   2.7539155e+00
   2.9000000e+00   3.5000000e+00   2.7476594e+00
   2.9500000e+00   3.5000000e+00   2.7558911e+00
   3.0000000e+00   3.5000000e+00   2.7486472e+00
   3.0500000e+00   3.5000000e+00   2.7486472e+00
   3.1000000e+00   3.5000000e+00   2.7565496e+00
   3.1500000e+00   3.5000000e+00   2.7453545e+00
   3.2000000e+00   3.5000000e+00   2.7496350e+00
   3.2500000e+00   3.5000000e+00   2.7499643e+00
   3.3000000e+00   3.5000000e+00   2.7585252e+00
   3.3500000e+00   3.5000000e+00   2.7568789e+00
   3.4000000e+00   3.5000000e+00   2.7509521e+00
   3.4500000e+00   3.5000000e+00   2.7470009e+00
   3.5000000e+00   3.5000000e+00   2.7578667e+00
   3.5500000e+00   3.5000000e+00   2.7440375e+00
   3.6000000e+00   3.5000000e+00   2.7535862e+00
   3.6500000e+00   3.5000000e+00   2.7555618e+00
   3.7000000e+00   3.5000000e+00   2.7519399e+00
   3.7500000e+00   3.5000000e+00   2.7558911e+00
   3.8000000e+00   3.5000000e+00   2.7466716e+00
   3.8500000e+00   3.5000000e+00   2.7578667e+00
   3.9000000e+00   3.5000000e+00   2.7542448e+00
   3.9500000e+00   3.5000000e+00   2.7614887e+00
   4.0000000e+00   3.5000000e+00   2.7486472e+00
   4.0500000e+00   3.5000000e+00   2.7591838e+00
   4.1000000e+00   3.5000000e+00   2.7512814e+00
   4.1500000e+00   3.5000000e+00   2.7502935e+00
   4.2000000e+00   3.5000000e+00   2.7562204e+00
   4.2500000e+00   3.5000000e+00   2.7473301e+00
   4.3000000e+00   3.5000000e+00   2.7529277e+00
   4.3500000e+00   3.5000000e+00   2.7502935e+00
   4.4000000e+00   3.5000000e+00   2.7575374e+00
   4.4500000e+00   3.5000000e+00   2.7479887e+00
   4.5000000e+00   3.5000000e+00   2.7479887e+00
   4.5500000e+00   3.5000000e+00   2.7525984e+00
   4.6000000e+00   3.5000000e+00   2.7552326e+00
   4.6500000e+00   3.5000000e+00   2.7578667e+00
   4.7000000e+00   3.5000000e+00   2.7545740e+00
   4.7500000e+00   3.5000000e+00   2.7516106e+00
   4.8000000e+00   3.5000000e+00   2.7486472e+00
   4.8500000e+00   3.5000000e+00   2.7502935e+00
   4.9000000e+00   3.5000000e+00   2.7529277e+00
   4.9500000e+00   3.5000000e+00   2.7535862e+00
   5.0000000e+00  -3.5000000e+00   2.7489765e+00
   5.0500000e+00  -3.5000000e+00   2.2109526e+00
   5.1000000e+00  -3.5000000e+00   1.5629526e+00
   5.1500000e+00  -3.5000000e+00   8.2407400e-01
   5.2000000e+00  -3.5000000e+00   3.5782952e-01
   5.2500000e+00  -3.5000000e+00  -2.6350068e-01
   5.3000000e+00  -3.5000000e+00  -6.9385505e-01
   5.3500000e+00  -3.5000000e+00  -1.0876606e+00
   5.4000000e+00  -3.5000000e+00  -1.3774171e+00
   5.4500000e+00  -3.5000000e+00  -1.7168932e+00
   5.5000000e+00  -3.5000000e+00  -1.9085277e+00
   5.5500000e+00  -3.5000000e+00  -2.0609791e+00
   5.6000000e+00  -3.5000000e+00  -2.2285768e+00
   5.6500000e+00  -3.5000000e+00  -2.3020037e+00
   5.7000000e+00  -3.5000000e+00  -2.3925526e+00
   5.7500000e+00  -3.5000000e+00  -2.4649917e+00
   5.8000000e+00  -3.5000000e+00  -2.5249186e+00
   5.8500000e+00  -3.5000000e+00  -2.5664064e+00
   5.9000000e+00  -3.5000000e+00  -2.5960406e+00
   5.9500000e+00  -3.5000000e+00  -2.6339065e+00
   6.0000000e+00  -3.5000000e+00  -2.6401626e+00
   6.0500000e+00  -3.5000000e+00  -2.6681504e+00
   6.1000000e+00  -3.5000000e+00  -2.6714431e+00
   6.1500000e+00  -3.5000000e+00  -2.6872480e+00
   6.2000000e+00  -3.5000000e+00  -2.7007480e+00
   6.2500000e+00  -3.5000000e+00  -2.6961382e+00
   6.3000000e+00  -3.5000000e+00  -2.7155651e+00
   6.3500000e+00  -3.5000000e+00  -2.7122724e+00
   6.4000000e+00  -3.5000000e+00  -2.7122724e+00
   6.4500000e+00  -3.5000000e+00  -2.7234675e+00
   6.5000000e+00  -3.5000000e+00  -2.7307114e+00
   6.5500000e+00  -3.5000000e+00  -2.7241260e+00
   6.6000000e+00  -3.5000000e+00  -2.7254431e+00
   6.6500000e+00  -3.5000000e+00  -2.7277480e+00
   6.7000000e+00  -3.5000000e+00  -2.7330163e+00
   6.7500000e+00  -3.5000000e+00  -2.7244553e+00
   6.8000000e+00  -3.5000000e+00  -2.7363090e+00
   6.8500000e+00  -3.5000000e+00  -2.7376261e+00
   6.9000000e+00  -3.5000000e+00  -2.7270895e+00
   6.9500000e+00  -3.5000000e+00  -2.7524431e+00
   7.0000000e+00  -3.5000000e+00  -2.7284065e+00
   7.0500000e+00  -3.5000000e+00  -2.7392724e+00
   7.1000000e+00  -3.5000000e+00  -2.7336748e+00
   7.1500000e+00  -3.5000000e+00  -2.7340041e+00
   7.2000000e+00  -3.5000000e+00  -2.7386139e+00
   7.2500000e+00  -3.5000000e+00  -2.7448700e+00
   7.3000000e+00  -3.5000000e+00  -2.7399309e+00
   7.3500000e+00  -3.5000000e+00  -2.7330163e+00
   7.4000000e+00  -3.5000000e+00  -2.7372968e+00
   7.4500000e+00  -3.5000000e+00  -2.7300529e+00
   7.5000000e+00  -3.5000000e+00  -2.7323578e+00
   7.5500000e+00  -3.5000000e+00  -2.7379553e+00
   7.6000000e+00  -3.5000000e+00  -2.7356504e+00
   7.6500000e+00  -3.5000000e+00  -2.7451992e+00
   7.7000000e+00  -3.5000000e+00  -2.7372968e+00
   7.7500000e+00  -3.5000000e+00  -2.7432236e+00
   7.8000000e+00  -3.5000000e+00  -2.7300529e+00
   7.8500000e+00  -3.5000000e+00  -2.7376261e+00
   7.9000000e+00  -3.5000000e+00  -2.7313700e+00
   7.9500000e+00  -3.5000000e+00  -2.7333456e+00
   8.0000000e+00  -3.5000000e+00  -2.7336748e+00
   8.0500000e+00  -3.5000000e+00  -2.7376261e+00
   8.1000000e+00  -3.5000000e+00  -2.7392724e+00
   8.1500000e+00  -3.5000000e+00  -2.7359797e+00
   8.2000000e+00  -3.5000000e+00  -2.7442114e+00
   8.2500000e+00  -3.5000000e+00  -2.7389431e+00
   8.3000000e+00  -3.5000000e+00  -2.7415773e+00
   8.3500000e+00  -3.5000000e+00  -2.7310407e+00
   8.4000000e+00  -3.5000000e+00  -2.7379553e+00
   8.4500000e+00  -3.5000000e+00  -2.7372968e+00
   8.5000000e+00  -3.5000000e+00  -2.7419065e+00
   8.5500000e+00  -3.5000000e+00  -2.7349919e+00
   8.6000000e+00  -3.5000000e+00  -2.7363090e+00
   8.6500000e+00  -3.5000000e+00  -2.7343334e+00
   8.7000000e+00  -3.5000000e+00  -2.7392724e+00
   8.7500000e+00  -3.5000000e+00  -2.7356504e+00
   8.8000000e+00  -3.5000000e+00  -2.7376261e+00
   8.8500000e+00  -3.5000000e+00  -2.7445407e+00
   8.9000000e+00  -3.5000000e+00  -2.7333456e+00
   8.9500000e+00  -3.5000000e+00  -2.7392724e+00
   9.0000000e+00  -3.5000000e+00  -2.7277480e+00
   9.0500000e+00  -3.5000000e+00  -2.7323578e+00
   9.1000000e+00  -3.5000000e+00  -2.7310407e+00
   9.1500000e+00  -3.5000000e+00  -2.7359797e+00
   9.2000000e+00  -3.5000000e+00  -2.7409187e+00
   9.2500000e+00  -3.5000000e+00  -2.7422358e+00
   9.3000000e+00  -3.5000000e+00  -2.7379553e+00
   9.3500000e+00  -3.5000000e+00  -2.7316992e+00
   9.4000000e+00  -3.5000000e+00  -2.7316992e+00
   9.4500000e+00  -3.5000000e+00  -2.7353212e+00
   9.5000000e+00  -3.5000000e+00  -2.7396017e+00
   9.5500000e+00  -3.5000000e+00  -2.7382846e+00
   9.6000000e+00  -3.5000000e+00  -2.7405895e+00
   9.6500000e+00  -3.5000000e+00  -2.7396017e+00
   9.7000000e+00  -3.5000000e+00  -2.7366383e+00
   9.7500000e+00  -3.5000000e+00  -2.7349919e+00
   9.8000000e+00  -3.5000000e+00  -2.7366383e+00
   9.8500000e+00  -3.5000000e+00  -2.7363090e+00
   9.9000000e+00  -3.5000000e+00  -2.7412480e+00
   9.9500000e+00  -3.5000000e+00  -2.7455285e+00
   1.0000000e+01   3.5000000e+00  -2.7340041e+00
   1.0050000e+01   3.5000000e+00  -2.2964062e+00
   1.0100000e+01   3.5000000e+00  -1.6589419e+00
   1.0150000e+01   3.5000000e+00  -1.2694170e+00
   1.0200000e+01   3.5000000e+00  -8.0712353e-01
   1.0250000e+01   3.5000000e+00  -3.0959832e-01
   1.0300000e+01   3.5000000e+00   7.5316920e-02
   1.0350000e+01   3.5000000e+00   3.2226850e-01
   1.0400000e+01   3.5000000e+00   6.0050057e-01
   1.0450000e+01   3.5000000e+00   8.5733013e-01
   1.0500000e+01   3.5000000e+00   1.1029645e+00
   1.0550000e+01   3.5000000e+00   1.3140256e+00
   1.0600000e+01   3.5000000e+00   1.5343062e+00
   1.0650000e+01   3.5000000e+00   1.7289039e+00
   1.0700000e+01   3.5000000e+00   1.9537941e+00
   1.0750000e+01   3.5000000e+00   2.1236965e+00
   1.0800000e+01   3.5000000e+00   2.2320257e+00
   1.0850000e+01   3.5000000e+00   2.3334403e+00
   1.0900000e+01   3.5000000e+00   2.4193793e+00
   1.0950000e+01   3.5000000e+00   2.4970865e+00
   1.1000000e+01   3.5000000e+00   2.5464767e+00
   1.1050000e+01   3.5000000e+00   2.5761108e+00
   1.1100000e+01   3.5000000e+00   2.6133181e+00
   1.1150000e+01   3.5000000e+00   2.6376839e+00
   1.1200000e+01   3.5000000e+00   2.6600742e+00
   1.1250000e+01   3.5000000e+00   2.6831229e+00
   1.1300000e+01   3.5000000e+00   2.6946473e+00
   1.1350000e+01   3.5000000e+00   2.7091351e+00
   1.1400000e+01   3.5000000e+00   2.7134155e+00
   1.1450000e+01   3.5000000e+00   2.7246107e+00
   1.1500000e+01   3.5000000e+00   2.7196716e+00
   1.1550000e+01   3.5000000e+00   2.7367936e+00
   1.1600000e+01   3.5000000e+00   2.7364643e+00
   1.1650000e+01   3.5000000e+00   2.7381106e+00
   1.1700000e+01   3.5000000e+00   2.7384399e+00
   1.1750000e+01   3.5000000e+00   2.7387692e+00
   1.1800000e+01   3.5000000e+00   2.7384399e+00
   1.1850000e+01   3.5000000e+00   2.7414033e+00
   1.1900000e+01   3.5000000e+00   2.7496350e+00
   1.1950000e+01   3.5000000e+00   2.7476594e+00
   1.2000000e+01   3.5000000e+00   2.7496350e+00
   1.2050000e+01   3.5000000e+00   2.7423911e+00
   1.2100000e+01   3.5000000e+00   2.7516106e+00
   1.2150000e+01   3.5000000e+00   2.7499643e+00
   1.2200000e+01   3.5000000e+00   2.7502935e+00
   1.2250000e+01   3.5000000e+00   2.7545740e+00
   1.2300000e+01   3.5000000e+00   2.7463423e+00
   1.2350000e+01   3.5000000e+00   2.7581960e+00
   1.2400000e+01   3.5000000e+00   2.7470009e+00
   1.2450000e+01   3.5000000e+00   2.7535862e+00
   1.2500000e+01   3.5000000e+00   2.7450253e+00
   1.2550000e+01   3.5000000e+00   2.7502935e+00
   1.2600000e+01   3.5000000e+00   2.7496350e+00
   1.2650000e+01   3.5000000e+00   2.7473301e+00
   1.2700000e+01   3.5000000e+00   2.7489765e+00
   1.2750000e+01   3.5000000e+00   2.7499643e+00
   1.2800000e+01   3.5000000e+00   2.7496350e+00
   1.2850000e+01   3.5000000e+00   2.7489765e+00
   1.2900000e+01   3.5000000e+00   2.7489765e+00
   1.2950000e+01   3.5000000e+00   2.7463423e+00
   1.3000000e+01   3.5000000e+00   2.7565496e+00
   1.3050000e+01   3.5000000e+00   2.7407448e+00
   1.3100000e+01   3.5000000e+00   2.7509521e+00
   1.3150000e+01   3.5000000e+00   2.7522692e+00
   1.3200000e+01   3.5000000e+00   2.7506228e+00
   1.3250000e+01   3.5000000e+00   2.7433789e+00
   1.3300000e+01   3.5000000e+00   2.7483179e+00
   1.3350000e+01   3.5000000e+00   2.7535862e+00
   1.3400000e+01   3.5000000e+00   2.7443667e+00
   1.3450000e+01   3.5000000e+00   2.7542448e+00
   1.3500000e+01   3.5000000e+00   2.7479887e+00
   1.3550000e+01   3.5000000e+00   2.7473301e+00
   1.3600000e+01   3.5000000e+00   2.7473301e+00
   1.3650000e+01   3.5000000e+00   2.7529277e+00
   1.3700000e+01   3.5000000e+00   2.7466716e+00
   1.3750000e+01   3.5000000e+00   2.7506228e+00
   1.3800000e+01   3.5000000e+00   2.7525984e+00
   1.3850000e+01   3.5000000e+00   2.7479887e+00
   1.3900000e+01   3.5000000e+00   2.7476594e+00
   1.3950000e+01   3.5000000e+00   2.7414033e+00
   1.4000000e+01   3.5000000e+00   2.7525984e+00
   1.4050000e+01   3.5000000e+00   2.7539155e+00
   1.4100000e+01   3.5000000e+00   2.7522692e+00
   1.4150000e+01   3.5000000e+00   2.7506228e+00
   1.4200000e+01   3.5000000e+00   2.7525984e+00
   1.4250000e+01   3.5000000e+00   2.7460131e+00
   1.4300000e+01   3.5000000e+00   2.7595130e+00
   1.4350000e+01   3.5000000e+00   2.7460131e+00
   1.4400000e+01   3.5000000e+00   2.7519399e+00
   1.4450000e+01   3.5000000e+00   2.7440375e+00
   1.4500000e+01   3.5000000e+00   2.7443667e+00
   1.4550000e+01   3.5000000e+00   2.7535862e+00
   1.4600000e+01   3.5000000e+00   2.7473301e+00
   1.4650000e+01   3.5000000e+00   2.7535862e+00
   1.4700000e+01   3.5000000e+00   2.7473301e+00
   1.4750000e+01   3.5000000e+00   2.7565496e+00
   1.4800000e+01   3.5000000e+00   2.7483179e+00
   1.4850000e+01   3.5000000e+00   2.7558911e+00
   1.4900000e+01   3.5000000e+00   2.7440375e+00
   1.4950000e+01   3.5000000e+00   2.7489765e+00
   1.5000000e+01  -3.5000000e+00   2.7545740e+00
   1.5050000e+01  -3.5000000e+00   1.9350258e+00
   1.5100000e+01  -3.5000000e+00   1.4417818e+00
   1.5150000e+01  -3.5000000e+00   8.4284231e-01
   1.5200000e+01  -3.5000000e+00   1.5236581e-01
   1.5250000e+01  -3.5000000e+00  -2.5065920e-01
   1.5300000e+01  -3.5000000e+00  -6.9615993e-01
   1.5350000e+01  -3.5000000e+00  -1.0787703e+00
   1.5400000e+01  -3.5000000e+00  -1.4185757e+00
   1.5450000e+01  -3.5000000e+00  -1.7264420e+00
   1.5500000e+01  -3.5000000e+00  -1.9480399e+00
   1.5550000e+01  -3.5000000e+00  -2.0800767e+00
   1.5600000e+01  -3.5000000e+00  -2.2269305e+00
   1.5650000e+01  -3.5000000e+00  -2.3408574e+00
   1.5700000e+01  -3.5000000e+00  -2.4123087e+00
   1.5750000e+01  -3.5000000e+00  -2.4580771e+00
   1.5800000e+01  -3.5000000e+00  -2.5252478e+00
   1.5850000e+01  -3.5000000e+00  -2.5571869e+00
   1.5900000e+01  -3.5000000e+00  -2.5953821e+00
   1.5950000e+01  -3.5000000e+00  -2.6256748e+00
   1.6000000e+01  -3.5000000e+00  -2.6444431e+00
   1.6050000e+01  -3.5000000e+00  -2.6602480e+00
   1.6100000e+01  -3.5000000e+00  -2.6763821e+00
   1.6150000e+01  -3.5000000e+00  -2.6908699e+00
   1.6200000e+01  -3.5000000e+00  -2.6879065e+00
   1.6250000e+01  -3.5000000e+00  -2.7142480e+00
   1.6300000e+01  -3.5000000e+00  -2.7093090e+00
   1.6350000e+01  -3.5000000e+00  -2.7221504e+00
   1.6400000e+01  -3.5000000e+00  -2.7158943e+00
   1.6450000e+01  -3.5000000e+00  -2.7267602e+00
   1.6500000e+01  -3.5000000e+00  -2.7270895e+00
   1.6550000e+01  -3.5000000e+00  -2.7254431e+00
   1.6600000e+01  -3.5000000e+00  -2.7303821e+00
   1.6650000e+01  -3.5000000e+00  -2.7313700e+00
   1.6700000e+01  -3.5000000e+00  -2.7386139e+00
   1.6750000e+01  -3.5000000e+00  -2.7280773e+00
   1.6800000e+01  -3.5000000e+00  -2.7270895e+00
   1.6850000e+01  -3.5000000e+00  -2.7237968e+00
   1.6900000e+01  -3.5000000e+00  -2.7274187e+00
   1.6950000e+01  -3.5000000e+00  -2.7349919e+00
   1.7000000e+01  -3.5000000e+00  -2.7379553e+00
   1.7050000e+01  -3.5000000e+00  -2.7353212e+00
   1.7100000e+01  -3.5000000e+00  -2.7316992e+00
   1.7150000e+01  -3.5000000e+00  -2.7330163e+00
   1.7200000e+01  -3.5000000e+00  -2.7323578e+00
   1.7250000e+01  -3.5000000e+00  -2.7333456e+00
   1.7300000e+01  -3.5000000e+00  -2.7326870e+00
   1.7350000e+01  -3.5000000e+00  -2.7442114e+00
   1.7400000e+01  -3.5000000e+00  -2.7293943e+00
   1.7450000e+01  -3.5000000e+00  -2.7284065e+00
   1.7500000e+01  -3.5000000e+00  -2.7270895e+00
   1.7550000e+01  -3.5000000e+00  -2.7313700e+00
   1.7600000e+01  -3.5000000e+00  -2.7392724e+00
   1.7650000e+01  -3.5000000e+00  -2.7386139e+00
   1.7700000e+01  -3.5000000e+00  -2.7415773e+00
   1.7750000e+01  -3.5000000e+00  -2.7330163e+00
   1.7800000e+01  -3.5000000e+00  -2.7379553e+00
   1.7850000e+01  -3.5000000e+00  -2.7349919e+00
   1.7900000e+01  -3.5000000e+00  -2.7445407e+00
   1.7950000e+01  -3.5000000e+00  -2.7290651e+00
   1.8000000e+01  -3.5000000e+00  -2.7369675e+00
   1.8050000e+01  -3.5000000e+00  -2.7241260e+00
   1.8100000e+01  -3.5000000e+00  -2.7343334e+00
   1.8150000e+01  -3.5000000e+00  -2.7313700e+00
   1.8200000e+01  -3.5000000e+00  -2.7290651e+00
   1.8250000e+01  -3.5000000e+00  -2.7307114e+00
   1.8300000e+01  -3.5000000e+00  -2.7349919e+00
   1.8350000e+01  -3.5000000e+00  -2.7382846e+00
   1.8400000e+01  -3.5000000e+00  -2.7316992e+00
   1.8450000e+01  -3.5000000e+00  -2.7310407e+00
   1.8500000e+01  -3.5000000e+00  -2.7280773e+00
   1.8550000e+01  -3.5000000e+00  -2.7340041e+00
   1.8600000e+01  -3.5000000e+00  -2.7340041e+00
   1.8650000e+01  -3.5000000e+00  -2.7310407e+00
   1.8700000e+01  -3.5000000e+00  -2.7419065e+00
   1.8750000e+01  -3.5000000e+00  -2.7386139e+00
   1.8800000e+01  -3.5000000e+00  -2.7392724e+00
   1.8850000e+01  -3.5000000e+00  -2.7303821e+00
   1.8900000e+01  -3.5000000e+00  -2.7359797e+00
   1.8950000e+01  -3.5000000e+00  -2.7340041e+00
   1.9000000e+01  -3.5000000e+00  -2.7425651e+00
   1.9050000e+01  -3.5000000e+00  -2.7389431e+00
   1.9100000e+01  -3.5000000e+00  -2.7320285e+00
   1.9150000e+01  -3.5000000e+00  -2.7320285e+00
   1.9200000e+01  -3.5000000e+00  -2.7142480e+00
   1.9250000e+01  -3.5000000e+00  -2.7376261e+00
   1.9300000e+01  -3.5000000e+00  -2.7346626e+00
   1.9350000e+01  -3.5000000e+00  -2.7396017e+00
   1.9400000e+01  -3.5000000e+00  -2.7287358e+00
   1.9450000e+01  -3.5000000e+00  -2.7399309e+00
   1.9500000e+01  -3.5000000e+00  -2.7313700e+00
   1.9550000e+01  -3.5000000e+00  -2.7330163e+00
   1.9600000e+01  -3.5000000e+00  -2.7438822e+00
   1.9650000e+01  -3.5000000e+00  -2.7340041e+00
   1.9700000e+01  -3.5000000e+00  -2.7396017e+00
   1.9750000e+01  -3.5000000e+00  -2.7307114e+00
   1.9800000e+01  -3.5000000e+00  -2.7333456e+00
   1.9850000e+01  -3.5000000e+00  -2.7340041e+00
   1.9900000e+01  -3.5000000e+00  -2.7412480e+00
   1.9950000e+01  -3.5000000e+00  -2.7330163e+00
   2.0000000e+01   0.0000000e+00   0.0000000e+00
